0 -1.52694700693 -1.23392035491
10 -1.52598252583 -1.23091657018
20 -1.52302175656 -1.22176649933
30 -1.51785485751 -1.20604201211
40 -1.51010464078 -1.18298828794
50 -1.49918073998 -1.15145686271
60 -1.4842046976 -1.1097998528
70 -1.46389031645 -1.05570563301
80 -1.43634618033 -0.98592780357
90 -1.39872429566 -0.895784473242
100 -1.34654272877 -0.778143800565
110 -1.27234907057 -0.621397934209
120 -1.19902459389 -0.393952027343
130 -1.17762676455 -0.46738772451
140 -1.13823113271 -0.480662153285
150 -0.976663344421 -0.365231994918
160 -0.482499026471 0.0894448103641
170 1.39891857975 1.94142731529
