0.2 0 -0.309098684919 0.00536900091641
0.2 10 -0.309098634202 0.00537701071745
0.2 20 -0.309098484205 0.00540026433281
0.2 30 -0.309098241609 0.00543648335796
0.2 40 -0.309097918054 0.00548203538929
0.2 50 -0.309097530754 0.00553218668121
0.2 60 -0.309097103025 0.00558146329405
0.2 70 -0.309096664353 0.00562412079742
0.2 80 -0.309096249499 0.00565471223113
0.276 0 -0.945654848244 -0.6303627213
0.276 10 -0.945654781226 -0.630351316927
0.276 20 -0.945654581367 -0.630318120892
0.276 30 -0.945654252617 -0.630266138503
0.276 40 -0.945653802716 -0.63020022043
0.276 50 -0.945653244855 -0.63012680862
0.276 60 -0.945652599754 -0.630053549628
0.276 70 -0.945651897742 -0.629988752
0.276 80 -0.945651180124 -0.629940670155
0.352 0 -1.26185897439 -0.945476351732
0.352 10 -1.26185888555 -0.945460562588
0.352 20 -1.26185861865 -0.945414485061
0.352 30 -1.26185817301 -0.945341953305
0.352 40 -1.26185754914 -0.945249230692
0.352 50 -1.26185675127 -0.945144790341
0.352 60 -1.26185579106 -0.945038950471
0.352 70 -1.26185469224 -0.944943310464
0.352 80 -1.26185349551 -0.944869926343
0.428 0 -1.43193871628 -1.1141925842
0.428 10 -1.43193859913 -1.11417147445
0.428 20 -1.43193824484 -1.11410971249
0.428 30 -1.43193764545 -1.1140119847
0.428 40 -1.43193678937 -1.11388603943
0.428 50 -1.43193566438 -1.1137425546
0.428 60 -1.43193426246 -1.11359487202
0.428 70 -1.43193258695 -1.11345851155
0.428 80 -1.43193066193 -1.11335034834
0.504 0 -1.52535869138 -1.20596184753
0.504 10 -1.52535853828 -1.20593453227
0.504 20 -1.52535807262 -1.20585440969
0.504 30 -1.52535727556 -1.20572696434
0.504 40 -1.52535611683 -1.20556137585
0.504 50 -1.52535455708 -1.2053705356
0.504 60 -1.52535255266 -1.20517098018
0.504 70 -1.52535006403 -1.20498263219
0.504 80 -1.5253470691 -1.20482817691
0.58 0 -1.57478750122 -1.25343410267
0.58 10 -1.57478730328 -1.25339973879
0.58 20 -1.57478669811 -1.25329867907
0.58 30 -1.57478565148 -1.25313707384
0.58 40 -1.57478410576 -1.25292534756
0.58 50 -1.57478198009 -1.25267842865
0.58 60 -1.5747791725 -1.25241599869
0.58 70 -1.57477556646 -1.25216265693
0.58 80 -1.57477104503 -1.25194780268
0.656 0 -1.59757662757 -1.27394228709
0.656 10 -1.59757637451 -1.27390005619
0.656 20 -1.59757559726 -1.27377553016
0.656 30 -1.59757424048 -1.27357530974
0.656 40 -1.59757220824 -1.27331073179
0.656 50 -1.59756935933 -1.27299837055
0.656 60 -1.59756550269 -1.27266072747
0.656 70 -1.59756039606 -1.27232706507
0.656 80 -1.59755375291 -1.27203423686
0.732 0 -1.60387155885 -1.27761621481
0.732 10 -1.60387123896 -1.27756528921
0.732 20 -1.60387025239 -1.27741470994
0.732 30 -1.60386851577 -1.27717121843
0.732 40 -1.60386588128 -1.27684656021
0.732 50 -1.60386212355 -1.27645830127
0.732 60 -1.6038569222 -1.27603108199
0.732 70 -1.60384984261 -1.27559841635
0.732 80 -1.60384032067 -1.27520508975
0.808 0 -1.59995634938 -1.27072933408
0.808 10 -1.5999559495 -1.27066881245
0.808 20 -1.59995471161 -1.27048933458
0.808 30 -1.59995251606 -1.2701973532
0.808 40 -1.59994914676 -1.2698042968
0.808 50 -1.59994426481 -1.26932771759
0.808 60 -1.59993736956 -1.26879321946
0.808 70 -1.59992774649 -1.26823757549
0.808 80 -1.5999144052 -1.26771357174
0.884 0 -1.58979995539 -1.25725360173
0.884 10 -1.58979946097 -1.2571824017
0.884 20 -1.5897979252 -1.25697058249
0.884 30 -1.58979518251 -1.2566237043
0.884 40 -1.58979092916 -1.25615182416
0.884 50 -1.58978467748 -1.25557094129
0.884 60 -1.58977568376 -1.25490567128
0.884 70 -1.58976284251 -1.25419410176
0.884 80 -1.58974454054 -1.25349637279
0.96 0 -1.57592273335 -1.23975137298
0.96 10 -1.57592212872 -1.23966809308
0.96 20 -1.57592024472 -1.23941944508
0.96 30 -1.57591685889 -1.23900920893
0.96 40 -1.57591155754 -1.23844446795
0.96 50 -1.57590366284 -1.23773720699
0.96 60 -1.57589211298 -1.23690768539
0.96 70 -1.5758752749 -1.23599147951
0.96 80 -1.57585066262 -1.23505376917
1.036 0 -1.55995910946 -1.21999007379
1.036 10 -1.55995837833 -1.21989297501
1.036 20 -1.55995609367 -1.21960186553
1.036 30 -1.55995196394 -1.21911741482
1.036 40 -1.55994544047 -1.21844123154
1.036 50 -1.55993560833 -1.21757718817
1.036 60 -1.55992100046 -1.21653500895
1.036 70 -1.55989929373 -1.2153395246
1.036 80 -1.5598668225 -1.21405324535
1.112 0 -1.54302270249 -1.19936726252
1.112 10 -1.54302182887 -1.19925487197
1.112 20 -1.5430190917 -1.19891636202
1.112 30 -1.54301411742 -1.19834758123
1.112 40 -1.54300619546 -1.19754126622
1.112 50 -1.54299412219 -1.19648709897
1.112 60 -1.54297592775 -1.19517379083
1.112 70 -1.54294841236 -1.19359809273
1.112 80 -1.54290636775 -1.19179451555
1.188 0 -1.5259192645 -1.17907580265
1.188 10 -1.52591823382 -1.17894825389
1.188 20 -1.5259149965 -1.17856236718
1.188 30 -1.52590908388 -1.17790788438
1.188 40 -1.52589959573 -1.17696592693
1.188 50 -1.52588498561 -1.17570652948
1.188 60 -1.52586267603 -1.17408646457
1.188 70 -1.52582838464 -1.17205180911
1.188 80 -1.52577494754 -1.16956044105
1.264 0 -1.50925373726 -1.15998781323
1.264 10 -1.50925253765 -1.15984710003
1.264 20 -1.509248761 -1.15941978114
1.264 30 -1.50924183102 -1.15868932114
1.264 40 -1.50923063096 -1.15762469356
1.264 50 -1.50921321775 -1.1561748031
1.264 60 -1.50918629889 -1.15426056792
1.264 70 -1.509144292 -1.15176701712
1.264 80 -1.50907762642 -1.14854583616
1.34 0 -1.49347743194 -1.14257895493
1.34 10 -1.49347605565 -1.1424277185
1.34 20 -1.49347171331 -1.14196706599
1.34 30 -1.49346371011 -1.14117472316
1.34 40 -1.49345068861 -1.14000845121
1.34 50 -1.49343025897 -1.13839738293
1.34 60 -1.49339830985 -1.1362282972
1.34 70 -1.49334773953 -1.13332688207
1.34 80 -1.49326609699 -1.12943908963
1.416 0 -1.47890952926 -1.12704861996
1.416 10 -1.47890797388 -1.12688927844
1.416 20 -1.4789030563 -1.12640277847
1.416 30 -1.4788939548 -1.12556184058
1.416 40 -1.47887905172 -1.12431436912
1.416 50 -1.4788554675 -1.12257192438
1.416 60 -1.47881817723 -1.12019055636
1.416 70 -1.47875834841 -1.11694187747
1.416 80 -1.4786601676 -1.1124747718
1.492 0 -1.46575212838 -1.11345890667
1.492 10 -1.4657503978 -1.11329343389
1.492 20 -1.46574491531 -1.1127872385
1.492 30 -1.4657347272 -1.11190877183
1.492 40 -1.4657179421 -1.11059746599
1.492 50 -1.46569115733 -1.1087496151
1.492 60 -1.46564835279 -1.1061942339
1.492 70 -1.46557876583 -1.10265472917
1.492 80 -1.4654627319 -1.09769247841
1.568 0 -1.45410730983 -1.10181353659
1.568 10 -1.45410541484 -1.10164348808
1.568 20 -1.4540993996 -1.10112247984
1.568 30 -1.45408817693 -1.10021538847
1.568 40 -1.45406957484 -1.09885449993
1.568 50 -1.454039644 -1.09692309902
1.568 60 -1.45399129934 -1.09422687532
1.568 70 -1.45391165334 -1.09044707543
1.568 80 -1.45377666624 -1.08506746992
1.644 0 -1.44400005007 -1.09209499579
1.644 10 -1.44399800869 -1.09192158592
1.644 20 -1.44399151577 -1.09138960836
1.644 30 -1.44397935237 -1.09046101497
1.644 40 -1.44395906467 -1.08906220573
1.644 50 -1.44392613993 -1.08706564969
1.644 60 -1.44387236018 -1.08425742254
1.644 70 -1.44378249383 -1.0802828598
1.644 80 -1.44362748153 -1.07455868316
1.72 0 -1.43541178666 -1.08428122122
1.72 10 -1.43540962462 -1.08410539911
1.72 20 -1.43540273291 -1.08356548686
1.72 30 -1.43538976516 -1.08262112313
1.72 40 -1.43536798714 -1.08119402582
1.72 50 -1.43533230494 -1.07914799078
1.72 60 -1.43527328002 -1.07625320922
1.72 70 -1.43517303244 -1.07212560379
1.72 80 -1.43499654733 -1.06612626628
1.796 0 -1.42833712235 -1.0783526117
1.796 10 -1.42833487376 -1.07817512693
1.796 20 -1.42832768799 -1.07762970526
1.796 30 -1.42831409659 -1.07667425317
1.796 40 -1.42829108568 -1.07522696588
1.796 50 -1.4282529505 -1.07314507084
1.796 60 -1.42818889488 -1.07018663302
1.796 70 -1.42807791741 -1.06594491248
1.796 80 -1.42787757796 -1.05973767504
1.872 0 -1.42289435995 -1.07429440704
1.872 10 -1.42289206701 -1.07411586569
1.872 20 -1.42288471709 -1.07356692151
1.872 30 -1.42287072741 -1.07260430672
1.872 40 -1.42284680689 -1.0711438202
1.872 50 -1.42280660543 -1.06903819929
1.872 60 -1.42273779815 -1.06603716992
1.872 70 -1.42261565531 -1.06171829951
1.872 80 -1.42238836349 -1.05536910857
1.948 0 -1.4195165353 -1.07209696669
1.948 10 -1.41951423743 -1.07191788049
1.948 20 -1.41950684913 -1.07136711208
1.948 30 -1.41949269762 -1.0704007618
1.948 40 -1.41946826083 -1.0689333361
1.948 50 -1.41942661861 -1.06681514309
1.948 60 -1.41935402384 -1.06379137994
1.948 70 -1.41922211781 -1.05943105433
1.948 80 -1.41896955678 -1.05300510297
2.024 0 -1.41894452222 -1.07175531459
2.024 10 -1.41894222651 -1.07157614538
2.024 20 -1.41893484014 -1.07102509855
2.024 30 -1.41892067255 -1.07005817645
2.024 40 -1.41889615472 -1.06858968489
2.024 50 -1.41885424729 -1.06646955445
2.024 60 -1.41878089889 -1.06344227733
2.024 70 -1.41864695888 -1.05907552636
2.024 80 -1.41838895989 -1.05263764659
2.1 0 -1.4213728053 -1.0732686953
2.1 10 -1.421370507 -1.07308989726
2.1 20 -1.42136313094 -1.07254009435
2.1 30 -1.42134905645 -1.07157572349
2.1 40 -1.42132489661 -1.07011197984
2.1 50 -1.42128406818 -1.06800046666
2.1 60 -1.42121367186 -1.06498879711
2.1 70 -1.42108752793 -1.06065054868
2.1 80 -1.42085005721 -1.05426551924
2.176 0 -1.42612813128 -1.07664049323
2.176 10 -1.42612586112 -1.07646255469
2.176 20 -1.42611859874 -1.07591562249
2.176 30 -1.42610483234 -1.07495710652
2.176 40 -1.42608144492 -1.07350418955
2.176 50 -1.42604249675 -1.07141220408
2.176 60 -1.42597664603 -1.06843570077
2.176 70 -1.42586158475 -1.06416133724
2.176 80 -1.42565164405 -1.05789417868
2.252 0 -1.43262724746 -1.08187856664
2.252 10 -1.43262504908 -1.08170205351
2.252 20 -1.43261803543 -1.08115985603
2.252 30 -1.43260481443 -1.08021090846
2.252 40 -1.43258254891 -1.07877549798
2.252 50 -1.43254592419 -1.07671475724
2.252 60 -1.43248502088 -1.07379397106
2.252 70 -1.4323808751 -1.0696199147
2.252 80 -1.4321959424 -1.06353624161
2.328 0 -1.44066059412 -1.08899576128
2.328 10 -1.44065850487 -1.08882136417
2.328 20 -1.44065185453 -1.08828614659
2.328 30 -1.44063937664 -1.08735113878
2.328 40 -1.44061851386 -1.08594087831
2.328 50 -1.44058454179 -1.08392439185
2.328 60 -1.44052880501 -1.08108146758
2.328 70 -1.44043513877 -1.07704583497
2.328 80 -1.44027242135 -1.07121234391
2.404 0 -1.45020517496 -1.09801002086
2.404 10 -1.45020322354 -1.0978386083
2.404 20 -1.45019702468 -1.09731315918
2.404 30 -1.45018544226 -1.09639739915
2.404 40 -1.45016620041 -1.09502130228
2.404 50 -1.45013514401 -1.09306391646
2.404 60 -1.45008477892 -1.09032327265
2.404 70 -1.45000138241 -1.08646664741
2.404 80 -1.44985915106 -1.08095183738
2.48 0 -1.46128323933 -1.10894299697
2.48 10 -1.46128144655 -1.10877567727
2.48 20 -1.46127576285 -1.10826351687
2.48 30 -1.46126518531 -1.10737357174
2.48 40 -1.46124771969 -1.10604249056
2.48 50 -1.46121976413 -1.1041615155
2.48 60 -1.4611749139 -1.10155063643
2.48 70 -1.46110164654 -1.09791701475
2.48 80 -1.46097875032 -1.09279225575
2.556 0 -1.47389058246 -1.12181515367
2.556 10 -1.47388896173 -1.12165334734
2.556 20 -1.47388383369 -1.12115894722
2.556 30 -1.47387432842 -1.12030301726
2.556 40 -1.47385872862 -1.11903018192
2.556 50 -1.47383396533 -1.11724611039
2.556 60 -1.47379465579 -1.11479646035
2.556 70 -1.47373127899 -1.11143439114
2.556 80 -1.47362666032 -1.10677542346
2.632 0 -1.48795661636 -1.13663349481
2.632 10 -1.48795517406 -1.13647901375
2.632 20 -1.4879506199 -1.1360080353
2.632 30 -1.48794221314 -1.13519635388
2.632 40 -1.48792850242 -1.13399793628
2.632 50 -1.48790692205 -1.13233517278
2.632 60 -1.48787303445 -1.13008309722
2.632 70 -1.48781912422 -1.12704680848
2.632 80 -1.48773155781 -1.12293540006
2.708 0 -1.50331831773 -1.15336379378
2.708 10 -1.50331705366 -1.15321889801
2.708 20 -1.50331307085 -1.15277835593
2.708 30 -1.5033057505 -1.15202343765
2.708 40 -1.50329388976 -1.15091883998
2.708 50 -1.50327538651 -1.14940595239
2.708 60 -1.50324665828 -1.14739277044
2.708 70 -1.5032015882 -1.14474195145
2.708 80 -1.50312960022 -1.14126541365
2.784 0 -1.51970138982 -1.1718702399
2.784 10 -1.51970029808 -1.17173754606
2.784 20 -1.51969686603 -1.1713354983
2.784 30 -1.51969058674 -1.17065149287
2.784 40 -1.51968048322 -1.16966212925
2.784 50 -1.51966486906 -1.16832962132
2.784 60 -1.51964091579 -1.16659757739
2.784 70 -1.5196038877 -1.16438991627
2.784 80 -1.51954578825 -1.16162669698
2.86 0 -1.536705082 -1.19179780971
2.86 10 -1.53670415211 -1.19167970249
2.86 20 -1.53670123585 -1.19132336787
2.86 30 -1.53669592618 -1.1907224969
2.86 40 -1.53668744585 -1.18986575701
2.86 50 -1.53667447129 -1.188736044
2.86 60 -1.53665482123 -1.18731129511
2.86 70 -1.5366249218 -1.18557189089
2.86 80 -1.53657889463 -1.18352995016
2.936 0 -1.55378460022 -1.21242439283
2.936 10 -1.55378381841 -1.2123217759
2.936 20 -1.55378137293 -1.21201361058
2.936 30 -1.55377694355 -1.2114989921
2.936 40 -1.55376992518 -1.2107766736
2.936 50 -1.55375930269 -1.20984607336
2.936 60 -1.55374343562 -1.20871059973
2.936 70 -1.55371970071 -1.20738734159
2.936 80 -1.55368390909 -1.205932973
3.012 0 -1.57021653948 -1.23265471895
3.012 10 -1.57021589015 -1.2325665597
3.012 20 -1.57021386467 -1.23230295979
3.012 30 -1.57021021662 -1.23186673533
3.012 40 -1.57020448559 -1.23126330192
3.012 50 -1.57019591216 -1.230502246
3.012 60 -1.57018329594 -1.22960087727
3.012 70 -1.5701647699 -1.22859214519
3.012 80 -1.57013745219 -1.22754168794
3.088 0 -1.58501880012 -1.25116809061
3.088 10 -1.58501826697 -1.25109262386
3.088 20 -1.58501660892 -1.25086782641
3.088 30 -1.58501364079 -1.25049872591
3.088 40 -1.58500902108 -1.24999450957
3.088 50 -1.58500219719 -1.24937005209
3.088 60 -1.5849923176 -1.24864886478
3.088 70 -1.58497809973 -1.24786870834
3.088 80 -1.5849576409 -1.24709200091
3.164 0 -1.59678231492 -1.26637184941
3.164 10 -1.59678188196 -1.2663075335
3.164 20 -1.59678053997 -1.26611658649
3.164 30 -1.59677815356 -1.26580521448
3.164 40 -1.59677447677 -1.26538448618
3.164 50 -1.59676912031 -1.26487159816
3.164 60 -1.59676150192 -1.26429207295
3.164 70 -1.59675077732 -1.26368346434
3.164 80 -1.59673575223 -1.26310139844
3.24 0 -1.60336695401 -1.27605787615
3.24 10 -1.60336660626 -1.27600352683
3.24 20 -1.60336553223 -1.27584265453
3.24 30 -1.60336363623 -1.2755819519
3.24 40 -1.60336074734 -1.27523314641
3.24 50 -1.6033566021 -1.27481393886
3.24 60 -1.60335082023 -1.27434949421
3.24 70 -1.6033428754 -1.27387468191
3.24 80 -1.6033320661 -1.27343725535
3.316 0 -1.60141818102 -1.2768584828
3.316 10 -1.60141790477 -1.276813147
3.316 20 -1.60141705499 -1.2766793315
3.316 30 -1.60141556688 -1.27646373049
3.316 40 -1.6014133271 -1.27617790029
3.316 50 -1.6014101665 -1.27583887274
3.316 60 -1.60140585161 -1.27547003886
3.316 70 -1.6014000781 -1.27510230116
3.316 80 -1.60139247172 -1.27477539756
3.392 0 -1.58563506525 -1.26347996896
3.392 10 -1.58563484827 -1.26344280144
3.392 20 -1.58563418374 -1.26333339051
3.392 30 -1.58563303036 -1.26315808218
3.392 40 -1.58563131782 -1.26292768409
3.392 50 -1.58562894545 -1.26265778919
3.392 60 -1.58562578252 -1.26236917251
3.392 70 -1.58562167274 -1.26208817121
3.392 80 -1.58561644697 -1.26184685624
3.468 0 -1.54755068997 -1.22746961931
3.468 10 -1.54755052146 -1.22743980347
3.468 20 -1.5475500079 -1.22735226295
3.468 30 -1.54754912538 -1.22721274723
3.468 40 -1.54754783467 -1.22703092363
3.468 50 -1.54754608302 -1.22682046515
3.468 60 -1.54754380833 -1.22659908613
3.468 70 -1.54754094738 -1.22638841354
3.468 80 -1.54753745003 -1.22621350795
3.544 0 -1.47306007399 -1.15474014092
3.544 10 -1.47305994454 -1.15471684541
3.544 20 -1.47305955223 -1.15464862431
3.544 30 -1.47305888553 -1.15454046847
3.544 40 -1.47305792684 -1.15440066662
3.544 50 -1.47305665539 -1.15424072051
3.544 60 -1.47305505219 -1.15407513976
3.544 70 -1.47305310797 -1.15392101982
3.544 80 -1.47305083411 -1.15379726425
3.62 0 -1.33662047553 -1.01976787685
3.62 10 -1.33662037706 -1.01975023351
3.62 20 -1.33662008053 -1.0196986965
3.62 30 -1.33661958288 -1.01961741533
3.62 40 -1.33661888085 -1.01951319864
3.62 50 -1.33661797361 -1.01939532004
3.62 60 -1.33661686708 -1.01927517961
3.62 70 -1.33661557949 -1.01916575449
3.62 80 -1.33661414787 -1.01908075805
3.696 0 -1.08645082978 -0.770788107782
3.696 10 -1.08645075543 -0.770775200305
3.696 20 -1.08645053302 -0.770737593189
3.696 30 -1.08645016508 -0.770678589485
3.696 40 -1.08644965717 -0.770603544134
3.696 50 -1.08644901983 -0.770519617383
3.696 60 -1.08644827145 -0.770435389205
3.696 70 -1.08644744104 -0.770360300086
3.696 80 -1.08644657091 -0.770303887161
3.772 0 -0.601408162157 -0.28666752278
3.772 10 -0.601408106044 -0.286658380944
3.772 20 -0.601407939468 -0.286631814599
3.772 30 -0.601407668316 -0.286590353111
3.772 40 -0.601407303148 -0.28653804758
3.772 50 -0.601406860076 -0.286480214646
3.772 60 -0.601406361978 -0.286423062643
3.772 70 -0.601405839238 -0.286373191978
3.772 80 -0.601405329441 -0.286336971597
3.848 0 0.476122306232 0.790205605801
3.848 10 0.476122349052 0.790212004881
3.848 20 0.476122475114 0.790230550076
3.848 30 0.476122676489 0.790259333453
3.848 40 0.47612294055 0.790295338747
3.848 50 0.476123248691 0.790334683328
3.848 60 0.476123578039 0.790372955407
3.848 70 0.476123901495 0.790405630931
3.848 80 0.476124189626 0.790428552311
