0.2 -160 -0.242956896836 0.108392190117
0.2 -150 -0.244001913799 0.111495411339
0.2 -140 -0.245491086808 0.114959113966
0.2 -130 -0.247420813459 0.117978727524
0.2 -120 -0.249758493376 0.119678666121
0.2 -110 -0.252438234122 0.119286399472
0.2 -100 -0.255364283339 0.11633457377
0.2 -90 -0.258420777975 0.110806049811
0.2 -80 -0.261484591166 0.103136998468
0.2 -70 -0.264437552073 0.0940743111013
0.2 -60 -0.267175327454 0.0844742704324
0.2 -50 -0.269612013966 0.0751389753055
0.2 -40 -0.27168098917 0.0667298742552
0.2 -30 -0.273333304574 0.0597458507711
0.2 -20 -0.27453495061 0.0545366646084
0.2 -10 -0.275264009064 0.0513280877507
0.2 0 -0.275508322934 0.0502452500475
0.2 10 -0.275264009065 0.0513280877507
0.2 20 -0.27453495061 0.0545366646084
0.2 30 -0.273333304573 0.0597458507711
0.2 40 -0.271680989171 0.0667298742552
0.2 50 -0.269612013966 0.0751389753055
0.2 60 -0.267175327455 0.0844742704324
0.2 70 -0.264437552073 0.0940743111013
0.2 80 -0.261484591166 0.103136998468
0.2 90 -0.258420777976 0.110806049811
0.2 100 -0.25536428334 0.11633457377
0.2 110 -0.252438234122 0.119286399472
0.2 120 -0.249758493374 0.119678666121
0.2 130 -0.247420813459 0.117978727524
0.2 140 -0.245491086808 0.114959113966
0.2 150 -0.244001913799 0.111495411339
0.2 160 -0.242956896834 0.108392190117
0.2 170 -0.242341789226 0.106272227962
0.26414 -160 -0.779443521901 -0.413775605836
0.26414 -150 -0.781941088421 -0.410981920522
0.26414 -140 -0.785290686104 -0.40810241759
0.26414 -130 -0.789362418329 -0.406149602883
0.26414 -120 -0.793999024489 -0.406254288565
0.26414 -110 -0.799016293087 -0.409385378763
0.26414 -100 -0.804210874092 -0.416014029593
0.26414 -90 -0.809377075939 -0.425904102115
0.26414 -80 -0.814326801839 -0.438189125538
0.26414 -70 -0.818904880825 -0.4516851591
0.26414 -60 -0.822995611995 -0.465222500603
0.26414 -50 -0.82652104104 -0.477840779151
0.26414 -40 -0.829434103398 -0.488840287898
0.26414 -30 -0.831709969291 -0.497751986473
0.26414 -20 -0.833337891931 -0.504281696927
0.26414 -10 -0.834314692857 -0.508257651318
0.26414 0 -0.834640215417 -0.509591913871
0.26414 10 -0.834314692855 -0.508257651318
0.26414 20 -0.833337891931 -0.504281696927
0.26414 30 -0.831709969292 -0.497751986473
0.26414 40 -0.829434103398 -0.488840287898
0.26414 50 -0.826521041039 -0.477840779151
0.26414 60 -0.822995611995 -0.465222500603
0.26414 70 -0.818904880825 -0.4516851591
0.26414 80 -0.814326801838 -0.438189125538
0.26414 90 -0.809377075939 -0.425904102115
0.26414 100 -0.804210874093 -0.416014029593
0.26414 110 -0.799016293089 -0.409385378763
0.26414 120 -0.793999024491 -0.406254288565
0.26414 130 -0.789362418325 -0.406149602883
0.26414 140 -0.785290686104 -0.40810241759
0.26414 150 -0.78194108842 -0.410981920522
0.26414 160 -0.779443521902 -0.413775605836
0.26414 170 -0.777899799268 -0.415740335302
0.32828 -160 -1.04956689134 -0.665968622759
0.32828 -150 -1.05470943478 -0.664131129626
0.32828 -140 -1.0612126188 -0.662502343858
0.32828 -130 -1.06868920733 -0.662354443812
0.32828 -120 -1.07680019161 -0.665245302222
0.32828 -110 -1.0852151979 -0.672500213187
0.32828 -100 -1.09360027847 -0.684586670775
0.32828 -90 -1.1016424131 -0.700790181624
0.32828 -80 -1.10908440693 -0.719510141243
0.32828 -70 -1.11574555647 -0.738925101019
0.32828 -60 -1.12152126296 -0.757504900596
0.32828 -50 -1.1263680079 -0.77417990371
0.32828 -40 -1.13028318447 -0.788290433074
0.32828 -30 -1.13328640711 -0.7994684289
0.32828 -20 -1.13540510536 -0.807527723198
0.32828 -10 -1.13666469048 -0.812384313589
0.32828 0 -1.13708251487 -0.814005827447
0.32828 10 -1.13666469048 -0.812384313589
0.32828 20 -1.13540510536 -0.807527723198
0.32828 30 -1.13328640712 -0.7994684289
0.32828 40 -1.13028318448 -0.788290433074
0.32828 50 -1.1263680079 -0.77417990371
0.32828 60 -1.12152126296 -0.757504900596
0.32828 70 -1.11574555647 -0.738925101019
0.32828 80 -1.10908440693 -0.719510141243
0.32828 90 -1.1016424131 -0.700790181624
0.32828 100 -1.09360027847 -0.684586670775
0.32828 110 -1.0852151979 -0.672500213187
0.32828 120 -1.07680019161 -0.665245302222
0.32828 130 -1.06868920733 -0.662354443812
0.32828 140 -1.0612126188 -0.662502343858
0.32828 150 -1.05470943478 -0.664131129626
0.32828 160 -1.04956689135 -0.665968622759
0.32828 170 -1.04622152215 -0.667261256922
0.39242 -160 -1.17774015269 -0.77211770197
0.39242 -150 -1.18795228746 -0.773068036544
0.39242 -140 -1.19974778481 -0.774066055086
0.39242 -130 -1.21237764752 -0.776762181192
0.39242 -120 -1.2254454222 -0.783642904388
0.39242 -110 -1.23856302279 -0.796847302942
0.39242 -100 -1.25126661347 -0.816861869674
0.39242 -90 -1.26310649627 -0.842014920245
0.39242 -80 -1.27374634923 -0.869424882284
0.39242 -70 -1.28299953369 -0.896400665474
0.39242 -60 -1.29080997946 -0.921101270569
0.39242 -50 -1.29720944544 -0.94249840594
0.39242 -40 -1.30227518309 -0.960115044645
0.39242 -30 -1.3060980792 -0.973787198387
0.39242 -20 -1.30876222198 -0.983502369665
0.39242 -10 -1.31033323041 -0.989302529687
0.39242 0 -1.31085224509 -0.991230303627
0.39242 10 -1.31033323041 -0.989302529687
0.39242 20 -1.30876222198 -0.983502369665
0.39242 30 -1.3060980792 -0.973787198387
0.39242 40 -1.30227518309 -0.960115044645
0.39242 50 -1.29720944544 -0.94249840594
0.39242 60 -1.29080997946 -0.921101270569
0.39242 70 -1.28299953369 -0.896400665474
0.39242 80 -1.27374634923 -0.869424882284
0.39242 90 -1.26310649627 -0.842014920245
0.39242 100 -1.25126661347 -0.816861869674
0.39242 110 -1.23856302279 -0.796847302942
0.39242 120 -1.2254454222 -0.783642904388
0.39242 130 -1.21237764752 -0.776762181192
0.39242 140 -1.19974778481 -0.774066055086
0.39242 150 -1.18795228746 -0.773068036544
0.39242 160 -1.17774015269 -0.77211770197
0.39242 170 -1.17049647787 -0.770989865742
0.45656 -160 -1.21384997404 -0.781215209453
0.45656 -150 -1.23518297302 -0.790498526382
0.45656 -140 -1.25614102004 -0.797307188209
0.45656 -130 -1.27615358061 -0.804277780057
0.45656 -120 -1.29582643821 -0.81640098773
0.45656 -110 -1.31519042079 -0.837926513897
0.45656 -100 -1.33362437274 -0.869422769468
0.45656 -90 -1.35041166824 -0.90709289737
0.45656 -80 -1.36509036703 -0.945818437441
0.45656 -70 -1.37750288846 -0.981944147718
0.45656 -60 -1.38770885425 -1.01361682415
0.45656 -50 -1.39588069395 -1.04015042648
0.45656 -40 -1.40222618345 -1.06145387146
0.45656 -30 -1.40694230357 -1.07768618932
0.45656 -20 -1.41019192113 -1.08907332691
0.45656 -10 -1.41209391024 -1.09581654744
0.45656 0 -1.41271994387 -1.09804892535
0.45656 10 -1.41209391024 -1.09581654744
0.45656 20 -1.41019192113 -1.08907332691
0.45656 30 -1.40694230356 -1.07768618932
0.45656 40 -1.40222618344 -1.06145387146
0.45656 50 -1.39588069395 -1.04015042648
0.45656 60 -1.38770885425 -1.01361682415
0.45656 70 -1.37750288846 -0.981944147718
0.45656 80 -1.36509036703 -0.945818437441
0.45656 90 -1.35041166824 -0.90709289737
0.45656 100 -1.33362437273 -0.869422769468
0.45656 110 -1.31519042079 -0.837926513897
0.45656 120 -1.29582643821 -0.81640098773
0.45656 130 -1.27615358061 -0.804277780057
0.45656 140 -1.25614102004 -0.797307188209
0.45656 150 -1.23518297302 -0.790498526382
0.45656 160 -1.21384997404 -0.781215209453
0.45656 170 -1.19627418078 -0.771575871108
0.5207 -160 -1.17144090851 -0.706471046061
0.5207 -150 -1.22079404029 -0.739888105658
0.5207 -140 -1.25860577822 -0.75954477701
0.5207 -130 -1.28829790237 -0.772388284902
0.5207 -120 -1.31582525983 -0.790444393072
0.5207 -110 -1.34319601852 -0.823460406903
0.5207 -100 -1.36925074733 -0.871957589226
0.5207 -90 -1.39249198596 -0.926829305489
0.5207 -80 -1.4122140116 -0.979454588276
0.5207 -70 -1.42838709326 -1.02582278936
0.5207 -60 -1.44132268528 -1.06479686802
0.5207 -50 -1.45144122498 -1.09646505444
0.5207 -40 -1.45915144884 -1.12133639922
0.5207 -30 -1.46479871139 -1.13999140448
0.5207 -20 -1.46864868301 -1.1529371607
0.5207 -10 -1.47088644689 -1.16055143871
0.5207 0 -1.47162047807 -1.16306393177
0.5207 10 -1.47088644689 -1.16055143871
0.5207 20 -1.46864868301 -1.1529371607
0.5207 30 -1.46479871139 -1.13999140448
0.5207 40 -1.45915144883 -1.12133639922
0.5207 50 -1.45144122498 -1.09646505444
0.5207 60 -1.44132268528 -1.06479686802
0.5207 70 -1.42838709326 -1.02582278936
0.5207 80 -1.4122140116 -0.979454588276
0.5207 90 -1.39249198596 -0.926829305489
0.5207 100 -1.36925074733 -0.871957589226
0.5207 110 -1.34319601853 -0.823460406903
0.5207 120 -1.31582525983 -0.790444393072
0.5207 130 -1.28829790237 -0.772388284902
0.5207 140 -1.25860577822 -0.75954477701
0.5207 150 -1.22079404029 -0.739888105658
0.5207 160 -1.17144090851 -0.706471046061
0.5207 170 -1.12157157739 -0.667630814644
0.58484 -160 -1.03648308916 -0.535856379867
0.58484 -150 -1.15715992163 -0.633639796343
0.58484 -140 -1.22588297121 -0.678718223724
0.58484 -130 -1.26598446704 -0.697584280231
0.58484 -120 -1.30070638655 -0.720050557248
0.58484 -110 -1.33821514085 -0.769571274296
0.58484 -100 -1.37473990214 -0.844388553405
0.58484 -90 -1.40640897247 -0.921480204338
0.58484 -80 -1.43222753548 -0.989368074111
0.58484 -70 -1.45264027059 -1.0458852602
0.58484 -60 -1.46848585588 -1.09164564237
0.58484 -50 -1.48059201922 -1.12789231585
0.58484 -40 -1.48965077768 -1.15585806464
0.58484 -30 -1.49619604752 -1.17657520615
0.58484 -20 -1.5006151113 -1.19083128007
0.58484 -10 -1.50316765664 -1.1991723318
0.58484 0 -1.5040023848 -1.20191770447
0.58484 10 -1.50316765664 -1.1991723318
0.58484 20 -1.5006151113 -1.19083128007
0.58484 30 -1.49619604752 -1.17657520615
0.58484 40 -1.48965077768 -1.15585806464
0.58484 50 -1.48059201922 -1.12789231585
0.58484 60 -1.46848585588 -1.09164564237
0.58484 70 -1.45264027059 -1.0458852602
0.58484 80 -1.43222753548 -0.989368074111
0.58484 90 -1.40640897247 -0.921480204338
0.58484 100 -1.37473990214 -0.844388553405
0.58484 110 -1.33821514084 -0.769571274296
0.58484 120 -1.30070638655 -0.720050557248
0.58484 130 -1.26598446705 -0.697584280231
0.58484 140 -1.22588297121 -0.678718223724
0.58484 150 -1.15715992164 -0.633639796343
0.58484 160 -1.03648308917 -0.535856379867
0.58484 170 -0.87778799285 -0.395010773022
0.64898 -160 -0.78847446648 -0.251828745252
0.64898 -150 -1.06257820623 -0.492881334914
0.64898 -140 -1.17799187335 -0.575964249237
0.64898 -130 -1.22375868073 -0.594283442644
0.64898 -120 -1.25941114235 -0.613166494044
0.64898 -110 -1.31103992914 -0.691804920226
0.64898 -100 -1.3627328051 -0.80662239331
0.64898 -90 -1.40476992317 -0.907255263776
0.64898 -80 -1.4371270824 -0.98869759674
0.64898 -70 -1.4616724567 -1.05346456918
0.64898 -60 -1.4801743612 -1.104470352
0.64898 -50 -1.49401347708 -1.14414665086
0.64898 -40 -1.50421020885 -1.17438313704
0.64898 -30 -1.51149583165 -1.19659284763
0.64898 -20 -1.51637656296 -1.2117887958
0.64898 -10 -1.51918186511 -1.22064829693
0.64898 0 -1.52009704595 -1.22355936446
0.64898 10 -1.51918186512 -1.22064829693
0.64898 20 -1.51637656296 -1.2117887958
0.64898 30 -1.51149583165 -1.19659284763
0.64898 40 -1.50421020885 -1.17438313704
0.64898 50 -1.49401347708 -1.14414665086
0.64898 60 -1.4801743612 -1.104470352
0.64898 70 -1.46167245669 -1.05346456918
0.64898 80 -1.4371270824 -0.98869759674
0.64898 90 -1.40476992316 -0.907255263776
0.64898 100 -1.3627328051 -0.80662239331
0.64898 110 -1.31103992914 -0.691804920226
0.64898 120 -1.25941114235 -0.613166494044
0.64898 130 -1.22375868073 -0.594283442644
0.64898 140 -1.17799187335 -0.575964249237
0.64898 150 -1.06257820623 -0.492881334914
0.64898 160 -0.788474466481 -0.251828745252
0.64898 170 -0.246934377209 0.260015075041
0.71312 -160 -0.522055883867 0.0452299034487
0.71312 -150 -0.986308977922 -0.379870641715
0.71312 -140 -1.14252922508 -0.492244819333
0.71312 -130 -1.18357825899 -0.48893288537
0.71312 -120 -1.19807860099 -0.474385476599
0.71312 -110 -1.27793656637 -0.629013658025
0.71312 -100 -1.34853346943 -0.781077137322
0.71312 -90 -1.39949142991 -0.896977810596
0.71312 -80 -1.4365375272 -0.986259386928
0.71312 -70 -1.46376811717 -1.05554906132
0.71312 -60 -1.48389756496 -1.10934527527
0.71312 -50 -1.49875930884 -1.1508123118
0.71312 -40 -1.5096108059 -1.18222002858
0.71312 -30 -1.51731506263 -1.20519333591
0.71312 -20 -1.5224537756 -1.22086755222
0.71312 -10 -1.52539927372 -1.22999001542
0.71312 0 -1.52635891854 -1.23298499532
0.71312 10 -1.52539927371 -1.22999001542
0.71312 20 -1.5224537756 -1.22086755222
0.71312 30 -1.51731506263 -1.20519333591
0.71312 40 -1.5096108059 -1.18222002858
0.71312 50 -1.49875930885 -1.1508123118
0.71312 60 -1.48389756496 -1.10934527527
0.71312 70 -1.46376811717 -1.05554906132
0.71312 80 -1.43653752721 -0.986259386928
0.71312 90 -1.39949142991 -0.896977810596
0.71312 100 -1.34853346943 -0.781077137322
0.71312 110 -1.27793656637 -0.629013658025
0.71312 120 -1.19807860099 -0.474385476599
0.71312 130 -1.18357825898 -0.48893288537
0.71312 140 -1.14252922507 -0.492244819333
0.71312 150 -0.986308977923 -0.379870641715
0.71312 160 -0.522055883867 0.0452299034487
0.71312 170 1.06553512892 1.59977861912
0.77726 -160 -0.544624582897 0.0200459824587
0.77726 -150 -0.991984480747 -0.388428769997
0.77726 -140 -1.14507670181 -0.498876503008
0.77726 -130 -1.18694416805 -0.499408445205
0.77726 -120 -1.20536021755 -0.492286006243
0.77726 -110 -1.28099960339 -0.633552612611
0.77726 -100 -1.34968457244 -0.782833099345
0.77726 -90 -1.39993520508 -0.897691071936
0.77726 -80 -1.43664116529 -0.98645363705
0.77726 -70 -1.46368487118 -1.05544851022
0.77726 -60 -1.48370358304 -1.10906446861
0.77726 -50 -1.49849670027 -1.15041647986
0.77726 -40 -1.50930464954 -1.18174924389
0.77726 -30 -1.51698123131 -1.2046738065
0.77726 -20 -1.52210295884 -1.22031754215
0.77726 -10 -1.5250392499 -1.22942326311
0.77726 0 -1.52599597822 -1.23241290301
0.77726 10 -1.5250392499 -1.22942326311
0.77726 20 -1.52210295884 -1.22031754215
0.77726 30 -1.51698123131 -1.2046738065
0.77726 40 -1.50930464954 -1.18174924389
0.77726 50 -1.49849670028 -1.15041647986
0.77726 60 -1.48370358303 -1.10906446861
0.77726 70 -1.46368487118 -1.05544851022
0.77726 80 -1.43664116529 -0.98645363705
0.77726 90 -1.39993520508 -0.897691071936
0.77726 100 -1.34968457244 -0.782833099345
0.77726 110 -1.28099960339 -0.633552612611
0.77726 120 -1.20536021754 -0.492286006243
0.77726 130 -1.18694416805 -0.499408445205
0.77726 140 -1.14507670182 -0.498876503008
0.77726 150 -0.991984480744 -0.388428769997
0.77726 160 -0.544624582896 0.0200459824587
0.77726 170 0.900771809368 1.43132745329
0.8414 -160 -0.822887299504 -0.290445684478
0.8414 -150 -1.07412840873 -0.509827543291
0.8414 -140 -1.18360685582 -0.588216076482
0.8414 -130 -1.22922801845 -0.607381686969
0.8414 -120 -1.26546019474 -0.627533416215
0.8414 -110 -1.31503287931 -0.701377083507
0.8414 -100 -1.36462046434 -0.810871374886
0.8414 -90 -1.40538457745 -0.908937285768
0.8414 -80 -1.43700128135 -0.989001238666
0.8414 -70 -1.46110117416 -1.05295612503
0.8414 -60 -1.47932551536 -1.10345490553
0.8414 -50 -1.49298724481 -1.14280344365
0.8414 -40 -1.50306912838 -1.17282452672
0.8414 -30 -1.51028076525 -1.19489335248
0.8414 -20 -1.51511567099 -1.21000087391
0.8414 -10 -1.51789599088 -1.21881169406
0.8414 0 -1.51880323628 -1.22170721789
0.8414 10 -1.51789599088 -1.21881169406
0.8414 20 -1.51511567099 -1.21000087391
0.8414 30 -1.51028076525 -1.19489335248
0.8414 40 -1.50306912838 -1.17282452672
0.8414 50 -1.49298724481 -1.14280344365
0.8414 60 -1.47932551536 -1.10345490553
0.8414 70 -1.46110117416 -1.05295612503
0.8414 80 -1.43700128135 -0.989001238666
0.8414 90 -1.40538457745 -0.908937285768
0.8414 100 -1.36462046434 -0.810871374886
0.8414 110 -1.31503287931 -0.701377083507
0.8414 120 -1.26546019475 -0.627533416215
0.8414 130 -1.22922801845 -0.607381686969
0.8414 140 -1.18360685582 -0.588216076482
0.8414 150 -1.07412840873 -0.509827543291
0.8414 160 -0.822887299502 -0.290445684478
0.8414 170 -0.354854925624 0.149393320412
0.90554 -160 -1.05818148869 -0.561833328059
0.90554 -150 -1.1668386043 -0.648637515175
0.90554 -140 -1.23098882631 -0.689923640312
0.90554 -130 -1.26995516973 -0.708213523311
0.90554 -120 -1.30399029976 -0.730385387754
0.90554 -110 -1.34015979985 -0.777559846429
0.90554 -100 -1.37524688416 -0.848601230854
0.90554 -90 -1.40580514684 -0.922865271996
0.90554 -80 -1.43085713886 -0.988962433505
0.90554 -70 -1.45075658217 -1.0443407646
0.90554 -60 -1.46625964702 -1.0893592581
0.90554 -50 -1.47813665175 -1.12511358111
0.90554 -40 -1.48704227883 -1.15275017212
0.90554 -30 -1.49348669686 -1.17324955656
0.90554 -20 -1.49784234168 -1.18736792793
0.90554 -10 -1.5003599816 -1.1956328258
0.90554 0 -1.50118357072 -1.1983538304
0.90554 10 -1.5003599816 -1.1956328258
0.90554 20 -1.49784234168 -1.18736792793
0.90554 30 -1.49348669686 -1.17324955656
0.90554 40 -1.48704227883 -1.15275017212
0.90554 50 -1.47813665174 -1.12511358111
0.90554 60 -1.46625964702 -1.0893592581
0.90554 70 -1.45075658217 -1.0443407646
0.90554 80 -1.43085713886 -0.988962433505
0.90554 90 -1.40580514684 -0.922865271996
0.90554 100 -1.37524688416 -0.848601230854
0.90554 110 -1.34015979985 -0.777559846429
0.90554 120 -1.30399029976 -0.730385387754
0.90554 130 -1.26995516973 -0.708213523311
0.90554 140 -1.23098882631 -0.689923640312
0.90554 150 -1.1668386043 -0.648637515175
0.90554 160 -1.05818148869 -0.561833328059
0.90554 170 -0.92041240773 -0.440825942204
0.96968 -160 -1.18078044989 -0.71986694321
0.96968 -150 -1.22526516255 -0.748989823346
0.96968 -140 -1.26048691935 -0.766579589096
0.96968 -130 -1.28894054415 -0.778664256255
0.96968 -120 -1.31551548566 -0.796031713287
0.96968 -110 -1.34184038606 -0.827483842314
0.96968 -100 -1.36687148657 -0.873582724265
0.96968 -90 -1.3892562668 -0.926147384967
0.96968 -80 -1.40832557749 -0.97701935494
0.96968 -70 -1.42402422358 -1.02215200754
0.96968 -60 -1.43662295058 -1.06027107643
0.96968 -50 -1.44650550124 -1.09134981131
0.96968 -40 -1.45405258362 -1.11581705876
0.96968 -30 -1.45958971 -1.1342001919
0.96968 -20 -1.46336921027 -1.14697211063
0.96968 -10 -1.46556775387 -1.15448960109
0.96968 0 -1.46628920093 -1.15697102464
0.96968 10 -1.46556775387 -1.15448960109
0.96968 20 -1.46336921027 -1.14697211063
0.96968 30 -1.45958971 -1.1342001919
0.96968 40 -1.45405258362 -1.11581705876
0.96968 50 -1.44650550124 -1.09134981131
0.96968 60 -1.43662295058 -1.06027107643
0.96968 70 -1.42402422358 -1.02215200754
0.96968 80 -1.40832557749 -0.97701935494
0.96968 90 -1.3892562668 -0.926147384967
0.96968 100 -1.36687148657 -0.873582724265
0.96968 110 -1.34184038606 -0.827483842314
0.96968 120 -1.31551548566 -0.796031713287
0.96968 130 -1.28894054415 -0.778664256255
0.96968 140 -1.26048691935 -0.766579589096
0.96968 150 -1.22526516254 -0.748989823346
0.96968 160 -1.18078044989 -0.71986694321
0.96968 170 -1.13699983483 -0.686612362989
1.03382 -160 -1.21366870625 -0.784513869245
1.03382 -150 -1.2331241113 -0.792281158882
1.03382 -140 -1.25270004522 -0.798134069373
1.03382 -130 -1.27171389877 -0.804513349507
1.03382 -120 -1.29052450284 -0.815960636763
1.03382 -110 -1.30906270714 -0.83635721018
1.03382 -100 -1.32673305193 -0.866259397404
1.03382 -90 -1.34286552315 -0.902227623812
1.03382 -80 -1.35701769513 -0.939473409981
1.03382 -70 -1.36902554142 -0.974445629197
1.03382 -60 -1.37892980514 -1.00526396796
1.03382 -50 -1.38688169538 -1.03118106343
1.03382 -40 -1.39307029166 -1.05204850219
1.03382 -30 -1.39767794549 -1.06798118325
1.03382 -20 -1.40085696343 -1.0791740072
1.03382 -10 -1.40271922367 -1.08580810133
1.03382 0 -1.40333244045 -1.0880053049
1.03382 10 -1.40271922367 -1.08580810133
1.03382 20 -1.40085696343 -1.0791740072
1.03382 30 -1.39767794549 -1.06798118325
1.03382 40 -1.39307029166 -1.05204850219
1.03382 50 -1.38688169537 -1.03118106343
1.03382 60 -1.37892980514 -1.00526396796
1.03382 70 -1.36902554142 -0.974445629197
1.03382 80 -1.35701769512 -0.939473409981
1.03382 90 -1.34286552315 -0.902227623812
1.03382 100 -1.32673305193 -0.866259397404
1.03382 110 -1.30906270714 -0.83635721018
1.03382 120 -1.29052450284 -0.815960636763
1.03382 130 -1.27171389877 -0.804513349507
1.03382 140 -1.25270004522 -0.798134069373
1.03382 150 -1.2331241113 -0.792281158882
1.03382 160 -1.21366870625 -0.784513869245
1.03382 170 -1.19797371712 -0.776507299992
1.09796 -160 -1.16796534519 -0.765185782666
1.09796 -150 -1.17737269026 -0.765628080385
1.09796 -140 -1.18838776487 -0.766199937985
1.09796 -130 -1.20030048863 -0.768493301631
1.09796 -120 -1.21269700761 -0.774835085037
1.09796 -110 -1.22518285083 -0.787224723588
1.09796 -100 -1.23730916583 -0.80614362067
1.09796 -90 -1.24864572474 -0.830073816021
1.09796 -80 -1.25886687348 -0.856325488477
1.09796 -70 -1.26778532402 -0.882320963301
1.09796 -60 -1.27533657946 -0.906247094601
1.09796 -50 -1.28154070657 -0.927058227765
1.09796 -40 -1.28646322835 -0.944246107346
1.09796 -30 -1.29018496056 -0.957616484093
1.09796 -20 -1.29278220962 -0.967132770206
1.09796 -10 -1.29431518407 -0.97282011772
1.09796 0 -1.294821866 -0.97471135587
1.09796 10 -1.29431518407 -0.97282011772
1.09796 20 -1.29278220963 -0.967132770206
1.09796 30 -1.29018496056 -0.957616484093
1.09796 40 -1.28646322835 -0.944246107346
1.09796 50 -1.28154070657 -0.927058227765
1.09796 60 -1.27533657946 -0.906247094601
1.09796 70 -1.26778532402 -0.882320963301
1.09796 80 -1.25886687347 -0.856325488477
1.09796 90 -1.24864572474 -0.830073816021
1.09796 100 -1.23730916584 -0.80614362067
1.09796 110 -1.22518285083 -0.787224723588
1.09796 120 -1.21269700761 -0.774835085037
1.09796 130 -1.20030048862 -0.768493301631
1.09796 140 -1.18838776486 -0.766199937985
1.09796 150 -1.17737269026 -0.765628080385
1.09796 160 -1.16796534519 -0.765185782666
1.09796 170 -1.1613799841 -0.764526954971
1.1621 -160 -1.02651775599 -0.645238780416
1.1621 -150 -1.03125673952 -0.643229366996
1.1621 -140 -1.03729725405 -0.641401463703
1.1621 -130 -1.04429048692 -0.640992997492
1.1621 -120 -1.05191922711 -0.643495519885
1.1621 -110 -1.05986950188 -0.650177258976
1.1621 -100 -1.06782319334 -0.661505848158
1.1621 -90 -1.07548088276 -0.676841121794
1.1621 -80 -1.08259376006 -0.694691612329
1.1621 -70 -1.08898328387 -0.71332333127
1.1621 -60 -1.09454195887 -0.731249052358
1.1621 -50 -1.09922041205 -0.747406692465
1.1621 -40 -1.10300917756 -0.761125750905
1.1621 -30 -1.10592135985 -0.772021410377
1.1621 -20 -1.1079789861 -0.779891478652
1.1621 -10 -1.10920351662 -0.784639603891
1.1621 0 -1.10960992088 -0.786225812853
1.1621 10 -1.10920351662 -0.784639603891
1.1621 20 -1.1079789861 -0.779891478652
1.1621 30 -1.10592135985 -0.772021410377
1.1621 40 -1.10300917756 -0.761125750905
1.1621 50 -1.09922041205 -0.747406692465
1.1621 60 -1.09454195887 -0.731249052358
1.1621 70 -1.08898328387 -0.71332333127
1.1621 80 -1.08259376006 -0.694691612329
1.1621 90 -1.07548088276 -0.676841121794
1.1621 100 -1.06782319334 -0.661505848158
1.1621 110 -1.05986950188 -0.650177258976
1.1621 120 -1.05191922711 -0.643495519885
1.1621 130 -1.04429048692 -0.640992997492
1.1621 140 -1.03729725405 -0.641401463703
1.1621 150 -1.03125673952 -0.643229366996
1.1621 160 -1.02651775599 -0.645238780416
1.1621 170 -1.02345710965 -0.646662757054
1.22624 -160 -0.733644825936 -0.369850887239
1.22624 -150 -0.735922321611 -0.366997770189
1.22624 -140 -0.73899628948 -0.364022160694
1.22624 -130 -0.742757573966 -0.361909590983
1.22624 -120 -0.747067380539 -0.361754695466
1.22624 -110 -0.751757830125 -0.364497733689
1.22624 -100 -0.756639889683 -0.370610054191
1.22624 -90 -0.761519470621 -0.379894279444
1.22624 -80 -0.766216424109 -0.391547309795
1.22624 -70 -0.770579510995 -0.404446195156
1.22624 -60 -0.774493426568 -0.417461598739
1.22624 -50 -0.777878114862 -0.429650714525
1.22624 -40 -0.780683071373 -0.440315392925
1.22624 -30 -0.782879668678 -0.448980031528
1.22624 -20 -0.784453699887 -0.455341499155
1.22624 -10 -0.785399293809 -0.45922004675
1.22624 0 -0.785714605236 -0.46052245124
1.22624 10 -0.785399293808 -0.45922004675
1.22624 20 -0.784453699887 -0.455341499155
1.22624 30 -0.782879668678 -0.448980031528
1.22624 40 -0.780683071374 -0.440315392925
1.22624 50 -0.777878114862 -0.429650714525
1.22624 60 -0.774493426566 -0.417461598739
1.22624 70 -0.770579510996 -0.404446195156
1.22624 80 -0.766216424107 -0.391547309795
1.22624 90 -0.761519470621 -0.379894279444
1.22624 100 -0.756639889685 -0.370610054191
1.22624 110 -0.751757830124 -0.364497733689
1.22624 120 -0.747067379915 -0.361754695466
1.22624 130 -0.742757573965 -0.361909590983
1.22624 140 -0.738996289479 -0.364022160694
1.22624 150 -0.735922321611 -0.366997770189
1.22624 160 -0.733644825937 -0.369850887239
1.22624 170 -0.732244453207 -0.371850508677
1.29038 -160 -0.150047368621 0.199832465953
1.29038 -150 -0.150971864947 0.202949620809
1.29038 -140 -0.152301948773 0.206453458302
1.29038 -130 -0.154042831382 0.209561098555
1.29038 -120 -0.156172071067 0.211421145472
1.29038 -110 -0.158634516376 0.211279073861
1.29038 -100 -0.161344867367 0.208668805541
1.29038 -90 -0.16419649166 0.203552307319
1.29038 -80 -0.167073469598 0.196328077294
1.29038 -70 -0.169862379132 0.187701912716
1.29038 -60 -0.172461212095 0.178497629055
1.29038 -50 -0.174784389966 0.169498258832
1.29038 -40 -0.176764243147 0.161358013594
1.29038 -30 -0.178350058565 0.154576188059
1.29038 -20 -0.179505906748 0.149506526935
1.29038 -10 -0.180208220189 0.146379394415
1.29038 0 -0.180443746505 0.145323297688
1.29038 10 -0.180208220189 0.146379394415
1.29038 20 -0.179505906746 0.149506526935
1.29038 30 -0.178350058565 0.154576188059
1.29038 40 -0.176764243146 0.161358013594
1.29038 50 -0.174784389966 0.169498258832
1.29038 60 -0.172461212093 0.178497629055
1.29038 70 -0.169862379132 0.187701912716
1.29038 80 -0.167073469597 0.196328077294
1.29038 90 -0.164196491657 0.203552307319
1.29038 100 -0.161344867369 0.208668805541
1.29038 110 -0.158634516376 0.211279073861
1.29038 120 -0.156172071067 0.211421145472
1.29038 130 -0.154042831382 0.209561098555
1.29038 140 -0.152301948774 0.206453458302
1.29038 150 -0.150971864948 0.202949620809
1.29038 160 -0.15004736862 0.199832465953
1.29038 170 -0.14950741831 0.197709622659
1.35452 -160 1.14184348151 1.48100517709
1.35452 -150 1.14164215886 1.48412170694
1.35452 -140 1.14128732903 1.48779440352
1.35452 -130 1.14073196503 1.49140225668
1.35452 -120 1.13994329199 1.49426549587
1.35452 -110 1.13891160134 1.4957554333
1.35452 -100 1.13765373094 1.49542178126
1.35452 -90 1.13621140199 1.49309805268
1.35452 -80 1.13464575235 1.48893886263
1.35452 -70 1.13302992734 1.4833704431
1.35452 -60 1.13144149986 1.47698113011
1.35452 -50 1.12995596143 1.4704024844
1.35452 -40 1.12864186134 1.46421940503
1.35452 -30 1.12755760655 1.45892018825
1.35452 -20 1.12674961026 1.45487839484
1.35452 -10 1.1262513604 1.45235286564
1.35452 0 1.12608303279 1.45149453132
1.35452 10 1.1262513604 1.45235286564
1.35452 20 1.12674961026 1.45487839484
1.35452 30 1.12755760655 1.45892018825
1.35452 40 1.12864186134 1.46421940503
1.35452 50 1.12995596142 1.4704024844
1.35452 60 1.13144149986 1.47698113011
1.35452 70 1.13302992734 1.4833704431
1.35452 80 1.13464575235 1.48893886263
1.35452 90 1.13621140199 1.49309805268
1.35452 100 1.13765373094 1.49542178126
1.35452 110 1.13891160134 1.4957554333
1.35452 120 1.13994329199 1.49426549587
1.35452 130 1.14073196503 1.49140225668
1.35452 140 1.14128732903 1.48779440352
1.35452 150 1.14164215886 1.48412170694
1.35452 160 1.14184348151 1.48100517709
1.35452 170 1.14193980881 1.47893077396
