0.2 0 -0.309098684924 0.00536900091641
0.2 10 -0.309098634201 0.00537701071745
0.2 20 -0.309098484205 0.00540026433281
0.2 30 -0.309098241609 0.00543648335796
0.2 40 -0.309097918053 0.00548203538929
0.2 50 -0.309097530754 0.00553218668121
0.2 60 -0.309097103026 0.00558146329405
0.2 70 -0.309096664353 0.00562412079742
0.2 80 -0.309096249499 0.00565471223113
0.2 90 -0.309095896161 0.00566872569062
0.2 100 -0.309095640756 0.00566323765126
0.2 110 -0.309095512367 0.00563749763673
0.2 120 -0.309095525613 0.00559333190721
0.2 130 -0.3090956741 0.00553524034064
0.2 140 -0.309095926929 0.00547007735984
0.2 150 -0.309096230704 0.00540626724836
0.2 160 -0.309096518353 0.00535260794825
0.2 170 -0.30909672371 0.00531684337788
0.23207 0 -0.60057081516 -0.275029617961
0.23207 10 -0.600287394741 -0.27382640965
0.23207 20 -0.599439163021 -0.270250829575
0.23207 30 -0.598032911365 -0.26441147545
0.23207 40 -0.59608230533 -0.256510790032
0.23207 50 -0.593611376433 -0.24687615026
0.23207 60 -0.590659200747 -0.235998257413
0.23207 70 -0.587285204797 -0.224563998033
0.23207 80 -0.583573948288 -0.213456463178
0.23207 90 -0.579637556912 -0.203680312983
0.23207 100 -0.575613626822 -0.196179502356
0.23207 110 -0.571657034302 -0.191577446042
0.23207 120 -0.567926086897 -0.189964192256
0.23207 130 -0.564566278214 -0.190868895401
0.23207 140 -0.56169672453 -0.193432431569
0.23207 150 -0.559403403259 -0.196664613986
0.23207 160 -0.557740057073 -0.199662538856
0.23207 170 -0.556734711077 -0.201739799617
0.26414 0 -0.834640215418 -0.509591913871
0.26414 10 -0.834314692857 -0.508257651318
0.26414 20 -0.833337891931 -0.504281696927
0.26414 30 -0.831709969291 -0.497751986473
0.26414 40 -0.829434103398 -0.488840287898
0.26414 50 -0.826521041039 -0.477840779151
0.26414 60 -0.822995611995 -0.465222500603
0.26414 70 -0.818904880825 -0.4516851591
0.26414 80 -0.814326801838 -0.438189125538
0.26414 90 -0.809377075939 -0.425904102115
0.26414 100 -0.804210874092 -0.416014029593
0.26414 110 -0.799016293089 -0.409385378763
0.26414 120 -0.79399902449 -0.406254288565
0.26414 130 -0.789362418329 -0.406149602883
0.26414 140 -0.785290686102 -0.40810241759
0.26414 150 -0.781941088419 -0.410981920522
0.26414 160 -0.779443521903 -0.413775605836
0.26414 170 -0.777899799271 -0.415740335302
0.29621 0 -1.00739203303 -0.683154460053
0.29621 10 -1.00702162378 -0.681680105863
0.29621 20 -1.00590745859 -0.677275200328
0.29621 30 -1.00404168021 -0.670002366408
0.29621 40 -1.0014145165 -0.659994167275
0.29621 50 -0.998019705669 -0.64749838581
0.29621 60 -0.993862767595 -0.632944619131
0.29621 70 -0.988972219817 -0.617026103167
0.29621 80 -0.983412852379 -0.600769009497
0.29621 90 -0.977298383121 -0.585520911402
0.29621 100 -0.970798679395 -0.572756055519
0.29621 110 -0.964135947385 -0.56365824966
0.29621 120 -0.957567472722 -0.558664061688
0.29621 130 -0.951360489176 -0.557304338895
0.29621 140 -0.945772578161 -0.558463186609
0.29621 150 -0.941048594269 -0.560829269101
0.29621 160 -0.937427918249 -0.563268006104
0.29621 170 -0.935137399223 -0.565002641628
0.32828 0 -1.13708251487 -0.814005827447
0.32828 10 -1.13666469048 -0.812384313589
0.32828 20 -1.13540510536 -0.807527723198
0.32828 30 -1.13328640712 -0.7994684289
0.32828 40 -1.13028318448 -0.788290433074
0.32828 50 -1.1263680079 -0.77417990371
0.32828 60 -1.12152126296 -0.757504900596
0.32828 70 -1.11574555647 -0.738925101019
0.32828 80 -1.10908440693 -0.719510141243
0.32828 90 -1.1016424131 -0.700790181624
0.32828 100 -1.09360027847 -0.684586670775
0.32828 110 -1.0852151979 -0.672500213187
0.32828 120 -1.07680019161 -0.665245302222
0.32828 130 -1.06868920734 -0.662354443812
0.32828 140 -1.0612126188 -0.662502343858
0.32828 150 -1.05470943478 -0.664131129626
0.32828 160 -1.04956689135 -0.665968622759
0.32828 170 -1.04622152215 -0.667261256922
0.36035 0 -1.23556308209 -0.914021197375
0.36035 10 -1.23509560891 -0.912247710864
0.36035 20 -1.23368340805 -0.906923494502
0.36035 30 -1.23129805825 -0.898045730895
0.36035 40 -1.22789560108 -0.885640160627
0.36035 50 -1.22342282258 -0.869814700253
0.36035 60 -1.21782829408 -0.850849862309
0.36035 70 -1.21107993867 -0.82933611438
0.36035 80 -1.20318994624 -0.806349796508
0.36035 90 -1.19424464185 -0.783593647589
0.36035 100 -1.18443072599 -0.763296459697
0.36035 110 -1.17404241094 -0.747609442102
0.36035 120 -1.16345461836 -0.737638923702
0.36035 130 -1.15306735271 -0.732913850304
0.36035 140 -1.14326542791 -0.731792935913
0.36035 150 -1.13446056705 -0.732356685598
0.36035 160 -1.12722112881 -0.733170246091
0.36035 170 -1.12233578984 -0.733625033719
0.39242 0 -1.31085224509 -0.991230303627
0.39242 10 -1.31033323041 -0.989302529687
0.39242 20 -1.30876222198 -0.983502369665
0.39242 30 -1.3060980792 -0.973787198387
0.39242 40 -1.30227518309 -0.960115044645
0.39242 50 -1.29720944544 -0.94249840594
0.39242 60 -1.29080997945 -0.921101270569
0.39242 70 -1.28299953369 -0.896400665474
0.39242 80 -1.27374634923 -0.869424882284
0.39242 90 -1.26310649627 -0.842014920245
0.39242 100 -1.25126661347 -0.816861869674
0.39242 110 -1.23856302279 -0.796847302942
0.39242 120 -1.2254454222 -0.783642904388
0.39242 130 -1.21237764752 -0.776762181192
0.39242 140 -1.19974778481 -0.774066055086
0.39242 150 -1.18795228746 -0.773068036544
0.39242 160 -1.17774015269 -0.77211770197
0.39242 170 -1.17049647787 -0.770989865742
0.42449 0 -1.36855881701 -1.05123626659
0.42449 10 -1.3679867773 -1.04915458414
0.42449 20 -1.36625198852 -1.04287847725
0.42449 30 -1.36329889172 -1.03232156373
0.42449 40 -1.35903692539 -1.01736564794
0.42449 50 -1.35334557716 -0.997911269684
0.42449 60 -1.3460858013 -0.973975572838
0.42449 70 -1.33712259551 -0.94587057183
0.42449 80 -1.32636419153 -0.914501234319
0.42449 90 -1.31382019059 -0.881775621416
0.42449 100 -1.2996690004 -0.850879053278
0.42449 110 -1.28429990748 -0.825661205737
0.42449 120 -1.26826597911 -0.80863313082
0.42449 130 -1.25209775045 -0.799275124838
0.42449 140 -1.2360775301 -0.794644530209
0.42449 150 -1.22035590352 -0.791322017377
0.42449 160 -1.20576162093 -0.787315666662
0.42449 170 -1.19469816023 -0.783215047122
0.45656 0 -1.41271994387 -1.09804892535
0.45656 10 -1.41209391024 -1.09581654744
0.45656 20 -1.41019192112 -1.08907332691
0.45656 30 -1.40694230357 -1.07768618932
0.45656 40 -1.40222618345 -1.06145387146
0.45656 50 -1.39588069395 -1.04015042648
0.45656 60 -1.38770885425 -1.01361682415
0.45656 70 -1.37750288846 -0.981944147718
0.45656 80 -1.36509036703 -0.945818437441
0.45656 90 -1.35041166824 -0.90709289737
0.45656 100 -1.33362437274 -0.869422769468
0.45656 110 -1.31519042079 -0.837926513897
0.45656 120 -1.29582643822 -0.81640098773
0.45656 130 -1.27615358061 -0.804277780057
0.45656 140 -1.25614102004 -0.797307188209
0.45656 150 -1.23518297302 -0.790498526382
0.45656 160 -1.21384997404 -0.781215209453
0.45656 170 -1.19627418078 -0.771575871108
0.48863 0 -1.44631950783 -1.13459852116
0.48863 10 -1.44563918186 -1.13222157023
0.48863 20 -1.44356862144 -1.12502922038
0.48863 30 -1.44001843662 -1.11284009887
0.48863 40 -1.4348381364 -1.09536541582
0.48863 50 -1.42781639226 -1.07224170619
0.48863 60 -1.41868759496 -1.04310835085
0.48863 70 -1.40715352367 -1.00778025441
0.48863 80 -1.39293452832 -0.966613635466
0.48863 90 -1.37586894283 -0.921224070487
0.48863 100 -1.35607136813 -0.875602291525
0.48863 110 -1.33410681726 -0.836476389728
0.48863 120 -1.31097358082 -0.809672885991
0.48863 130 -1.2874619763 -0.794588378293
0.48863 140 -1.26286065721 -0.78485772477
0.48863 150 -1.23479654688 -0.772841596255
0.48863 160 -1.20274770279 -0.754548456454
0.48863 170 -1.17366114951 -0.734659520177
0.5207 0 -1.47162047807 -1.16306393177
0.5207 10 -1.47088644689 -1.16055143871
0.5207 20 -1.46864868301 -1.1529371607
0.5207 30 -1.46479871139 -1.13999140448
0.5207 40 -1.45915144884 -1.12133639922
0.5207 50 -1.45144122498 -1.09646505444
0.5207 60 -1.44132268528 -1.06479686802
0.5207 70 -1.42838709326 -1.02582278936
0.5207 80 -1.4122140116 -0.979454588276
0.5207 90 -1.39249198596 -0.926829305489
0.5207 100 -1.36925074733 -0.871957589226
0.5207 110 -1.34319601853 -0.823460406903
0.5207 120 -1.31582525983 -0.790444393072
0.5207 130 -1.28829790237 -0.772388284902
0.5207 140 -1.25860577822 -0.75954477701
0.5207 150 -1.22079404029 -0.739888105658
0.5207 160 -1.17144090851 -0.706471046061
0.5207 170 -1.1215715774 -0.667630814644
0.55277 0 -1.49038222871 -1.18508752649
0.55277 10 -1.4895962388 -1.1824513442
0.55277 20 -1.48719626323 -1.1744513385
0.55277 30 -1.48305381688 -1.16081122326
0.55277 40 -1.47694698466 -1.14106624912
0.55277 50 -1.46855079228 -1.11456568915
0.55277 60 -1.45742964099 -1.08050099898
0.55277 70 -1.44304299834 -1.03800652055
0.55277 80 -1.42478909343 -0.986449137175
0.55277 90 -1.40213858442 -0.92621484967
0.55277 100 -1.37495657001 -0.860778489223
0.55277 110 -1.34411516938 -0.800620628599
0.55277 120 -1.31198942358 -0.760198974381
0.55277 130 -1.28056030951 -0.739494165741
0.55277 140 -1.24553024895 -0.723422964445
0.55277 150 -1.19441972687 -0.692927350074
0.55277 160 -1.11727078174 -0.634679199279
0.55277 170 -1.02932855345 -0.560533222161
0.58484 0 -1.5040023848 -1.20191770447
0.58484 10 -1.50316765664 -1.1991723318
0.58484 20 -1.5006151113 -1.19083128007
0.58484 30 -1.49619604752 -1.17657520615
0.58484 40 -1.48965077768 -1.15585806464
0.58484 50 -1.48059201922 -1.12789231585
0.58484 60 -1.46848585588 -1.09164564237
0.58484 70 -1.45264027059 -1.0458852602
0.58484 80 -1.43222753548 -0.989368074111
0.58484 90 -1.40640897247 -0.921480204338
0.58484 100 -1.37473990214 -0.844388553405
0.58484 110 -1.33821514085 -0.769571274296
0.58484 120 -1.30070638655 -0.720050557248
0.58484 130 -1.26598446705 -0.697584280231
0.58484 140 -1.2258829712 -0.678718223724
0.58484 150 -1.15715992164 -0.633639796343
0.58484 160 -1.03648308917 -0.535856379867
0.58484 170 -0.87778799285 -0.395010773022
0.61691 0 -1.51360613503 -1.21450385324
0.61691 10 -1.51272767315 -1.21166617169
0.61691 20 -1.51003787357 -1.20303642435
0.61691 30 -1.50536864983 -1.18825749801
0.61691 40 -1.49842358211 -1.16671137661
0.61691 50 -1.48875338784 -1.13748755211
0.61691 60 -1.47572283904 -1.09934776849
0.61691 70 -1.45847536772 -1.05070848617
0.61691 80 -1.43591691836 -0.989705589778
0.61691 90 -1.40679156357 -0.914572627769
0.61691 100 -1.37010561484 -0.825372513045
0.61691 110 -1.32672589831 -0.732236083486
0.61691 120 -1.28293696157 -0.670834387663
0.61691 130 -1.24634834264 -0.648435520303
0.61691 140 -1.20229599458 -0.628249167738
0.61691 150 -1.11162023075 -0.565059201684
0.61691 160 -0.926063554712 -0.407341853971
0.61691 170 -0.634236330737 -0.138845673815
0.64898 0 -1.52009704595 -1.22355936446
0.64898 10 -1.51918186511 -1.22064829693
0.64898 20 -1.51637656296 -1.2117887958
0.64898 30 -1.51149583165 -1.19659284763
0.64898 40 -1.50421020885 -1.17438313704
0.64898 50 -1.49401347708 -1.14414665086
0.64898 60 -1.4801743612 -1.104470352
0.64898 70 -1.4616724567 -1.05346456918
0.64898 80 -1.4371270824 -0.98869759674
0.64898 90 -1.40476992316 -0.907255263776
0.64898 100 -1.36273280509 -0.80662239331
0.64898 110 -1.31103992914 -0.691804920226
0.64898 120 -1.25941114235 -0.613166494044
0.64898 130 -1.22375868073 -0.594283442644
0.64898 140 -1.17799187335 -0.575964249237
0.64898 150 -1.06257820623 -0.492881334914
0.64898 160 -0.788474466481 -0.251828745252
0.64898 170 -0.24693437721 0.260015075041
0.68105 0 -1.52417914417 -1.22960294078
0.68105 10 -1.52323630532 -1.22663904623
0.68105 20 -1.52034383998 -1.21761402836
0.68105 30 -1.51530287971 -1.20211716194
0.68105 40 -1.50775767677 -1.17942732187
0.68105 50 -1.49715594567 -1.14845512768
0.68105 60 -1.48268660456 -1.10765565092
0.68105 70 -1.46318734006 -1.05490364339
0.68105 80 -1.43701186857 -0.98731674015
0.68105 90 -1.4018575943 -0.901017961195
0.68105 100 -1.35470154456 -0.791052189377
0.68105 110 -1.29332797285 -0.654474024043
0.68105 120 -1.23064876935 -0.54750601863
0.68105 130 -1.20120505893 -0.538639260408
0.68105 140 -1.15676566643 -0.527703511504
0.68105 150 -1.01763185376 -0.426705748617
0.68105 160 -0.640620463583 -0.0868830053184
0.68105 170 0.342042579012 0.86124534879
0.71312 0 -1.52635891854 -1.23298499532
0.71312 10 -1.52539927372 -1.22999001542
0.71312 20 -1.5224537756 -1.22086755222
0.71312 30 -1.51731506263 -1.20519333591
0.71312 40 -1.5096108059 -1.18222002858
0.71312 50 -1.49875930885 -1.1508123118
0.71312 60 -1.48389756496 -1.10934527527
0.71312 70 -1.46376811717 -1.05554906132
0.71312 80 -1.4365375272 -0.986259386928
0.71312 90 -1.39949142991 -0.896977810596
0.71312 100 -1.34853346943 -0.781077137322
0.71312 110 -1.27793656637 -0.629013658025
0.71312 120 -1.19807860099 -0.474385476599
0.71312 130 -1.18357825899 -0.48893288537
0.71312 140 -1.14252922508 -0.492244819333
0.71312 150 -0.986308977926 -0.379870641715
0.71312 160 -0.522055883867 0.0452299034487
0.71312 170 1.06553512893 1.59977861912
0.74519 0 -1.52693654281 -1.23390361799
0.74519 10 -1.525972149 -1.23089999163
0.74519 20 -1.52301165541 -1.22175041737
0.74519 30 -1.51784526531 -1.20602683447
0.74519 40 -1.51009587888 -1.18297455719
0.74519 50 -1.49917328703 -1.15144535837
0.74519 60 -1.48419931319 -1.10979176883
0.74519 70 -1.46388828452 -1.05570291776
0.74519 80 -1.43634984858 -0.985933891212
0.74519 90 -1.3987384898 -0.895806126411
0.74519 100 -1.34657959889 -0.778196976771
0.74519 110 -1.27245641855 -0.621536282223
0.74519 120 -1.19900770534 -0.41502855115
0.74519 130 -1.17773875119 -0.467860674018
0.74519 140 -1.13830953633 -0.480878540621
0.74519 150 -0.976840081814 -0.365501384742
0.74519 160 -0.483237881138 0.0886179299955
0.74519 170 1.39207731676 1.93440345703
0.77726 0 -1.52599597822 -1.23241290301
0.77726 10 -1.5250392499 -1.22942326311
0.77726 20 -1.52210295885 -1.22031754215
0.77726 30 -1.51698123131 -1.2046738065
0.77726 40 -1.50930464954 -1.18174924389
0.77726 50 -1.49849670028 -1.15041647986
0.77726 60 -1.48370358304 -1.10906446861
0.77726 70 -1.46368487117 -1.05544851022
0.77726 80 -1.43664116529 -0.98645363705
0.77726 90 -1.39993520508 -0.897691071936
0.77726 100 -1.34968457244 -0.782833099345
0.77726 110 -1.28099960339 -0.633552612611
0.77726 120 -1.20536021755 -0.492286006243
0.77726 130 -1.18694416805 -0.499408445205
0.77726 140 -1.14507670181 -0.498876503008
0.77726 150 -0.991984480749 -0.388428769997
0.77726 160 -0.544624582898 0.0200459824587
0.77726 170 0.900771809368 1.43132745329
0.80933 0 -1.52340152277 -1.22842513304
0.80933 10 -1.52246430114 -1.22547179869
0.80933 20 -1.51958954972 -1.21647987628
0.80933 30 -1.51458119583 -1.2010432117
0.80933 40 -1.50708893004 -1.17844951192
0.80933 50 -1.49657005417 -1.147624834
0.80933 60 -1.48223024867 -1.10705102106
0.80933 70 -1.46293744079 -1.05465094056
0.80933 80 -1.4371033017 -0.987635170032
0.80933 90 -1.40254677441 -0.902328559096
0.80933 100 -1.35653034084 -0.794304349245
0.80933 110 -1.29752078036 -0.662551747922
0.80933 120 -1.23789953971 -0.563724640868
0.80933 130 -1.20631520934 -0.551643773098
0.80933 140 -1.16129185905 -0.538339271962
0.80933 150 -1.02739022179 -0.441140653483
0.80933 160 -0.674775351548 -0.124911395276
0.80933 170 0.18341453785 0.699506554036
0.8414 0 -1.51880323628 -1.22170721789
0.8414 10 -1.51789599088 -1.21881169406
0.8414 20 -1.51511567099 -1.21000087391
0.8414 30 -1.51028076525 -1.19489335248
0.8414 40 -1.50306912838 -1.17282452672
0.8414 50 -1.49298724481 -1.14280344365
0.8414 60 -1.47932551536 -1.10345490553
0.8414 70 -1.46110117416 -1.05295612503
0.8414 80 -1.43700128135 -0.989001238666
0.8414 90 -1.40538457745 -0.908937285768
0.8414 100 -1.36462046434 -0.810871374886
0.8414 110 -1.31503287931 -0.701377083507
0.8414 120 -1.26546019474 -0.627533416215
0.8414 130 -1.22922801845 -0.607381686969
0.8414 140 -1.18360685582 -0.588216076482
0.8414 150 -1.07412840873 -0.509827543291
0.8414 160 -0.822887299503 -0.290445684478
0.8414 170 -0.354854925623 0.149393320412
0.87347 0 -1.51164738792 -1.21187074027
0.87347 10 -1.51077870692 -1.20905323863
0.87347 20 -1.50811963309 -1.20048663282
0.87347 30 -1.50350652017 -1.18582217212
0.87347 40 -1.49665140552 -1.16445782508
0.87347 50 -1.48711940276 -1.13551053587
0.87347 60 -1.47429911447 -1.09778839062
0.87347 70 -1.45737344407 -1.04978776565
0.87347 80 -1.43531419177 -0.989788975596
0.87347 90 -1.40697387186 -0.916304130026
0.87347 100 -1.37151559267 -0.829954358245
0.87347 110 -1.32987844011 -0.741493251862
0.87347 120 -1.28768002842 -0.683249528437
0.87347 130 -1.25134340363 -0.660599191159
0.87347 140 -1.20806618344 -0.640513047538
0.87347 150 -1.12292227882 -0.581861937525
0.87347 160 -0.954862747477 -0.440410880038
0.87347 170 -0.702515415741 -0.209980249195
0.90554 0 -1.50118357072 -1.1983538304
0.90554 10 -1.50035998159 -1.1956328258
0.90554 20 -1.49784234168 -1.18736792793
0.90554 30 -1.49348669686 -1.17324955656
0.90554 40 -1.48704227883 -1.15275017212
0.90554 50 -1.47813665175 -1.12511358111
0.90554 60 -1.46625964702 -1.0893592581
0.90554 70 -1.45075658217 -1.0443407646
0.90554 80 -1.43085713886 -0.988962433505
0.90554 90 -1.40580514684 -0.922865271996
0.90554 100 -1.37524688416 -0.848601230854
0.90554 110 -1.34015979985 -0.777559846429
0.90554 120 -1.30399029976 -0.730385387754
0.90554 130 -1.26995516973 -0.708213523311
0.90554 140 -1.23098882631 -0.689923640312
0.90554 150 -1.1668386043 -0.648637515175
0.90554 160 -1.05818148869 -0.561833328059
0.90554 170 -0.920412407729 -0.440825942204
0.93761 0 -1.4864587559 -1.18039172027
0.93761 10 -1.48568481636 -1.17778355915
0.93761 20 -1.48332250111 -1.16987099512
0.93761 30 -1.47924810495 -1.15638850268
0.93761 40 -1.47324856207 -1.13689151594
0.93761 50 -1.46501327943 -1.11076290335
0.93761 60 -1.4541288445 -1.07724812536
0.93761 70 -1.44008777656 -1.0355676829
0.93761 80 -1.42233512715 -0.985224782993
0.93761 90 -1.40040044323 -0.926807416429
0.93761 100 -1.37419787976 -0.863980383492
0.93761 110 -1.34456010057 -0.806820816445
0.93761 120 -1.31360919033 -0.768277762298
0.93761 130 -1.28306991742 -0.748144722688
0.93761 140 -1.24930176764 -0.732824357602
0.93761 150 -1.20170208168 -0.705215677109
0.93761 160 -1.1323288328 -0.653955729258
0.93761 170 -1.05559258458 -0.590257162719
0.96968 0 -1.46628920093 -1.15697102464
0.96968 10 -1.46556775387 -1.15448960109
0.96968 20 -1.46336921027 -1.14697211063
0.96968 30 -1.45958971 -1.1342001919
0.96968 40 -1.45405258362 -1.11581705876
0.96968 50 -1.44650550124 -1.09134981131
0.96968 60 -1.43662295058 -1.06027107643
0.96968 70 -1.42402422358 -1.02215200754
0.96968 80 -1.4083255775 -0.97701935494
0.96968 90 -1.3892562668 -0.926147384967
0.96968 100 -1.36687148657 -0.873582724265
0.96968 110 -1.34184038606 -0.827483842314
0.96968 120 -1.31551548566 -0.796031713287
0.96968 130 -1.28894054415 -0.778664256255
0.96968 140 -1.26048691934 -0.766579589096
0.96968 150 -1.22526516255 -0.748989823346
0.96968 160 -1.18078044989 -0.71986694321
0.96968 170 -1.13699983483 -0.686612362989
1.00175 0 -1.43920151568 -1.12676025866
1.00175 10 -1.43853400618 -1.12441677112
1.00175 20 -1.4365032805 -1.11732846315
1.00175 30 -1.43302427135 -1.10532544206
1.00175 40 -1.42795424692 -1.08813985751
1.00175 50 -1.42109388102 -1.06544150402
1.00175 60 -1.41219478508 -1.03691937804
1.00175 70 -1.40098184827 -1.00245837439
1.00175 80 -1.38720351941 -0.962503126188
1.00175 90 -1.370725915 -0.918745180214
1.00175 100 -1.35167661197 -0.87511649097
1.00175 110 -1.33059298469 -0.837934295634
1.00175 120 -1.30839166585 -0.812455763645
1.00175 130 -1.28581099117 -0.798080973214
1.00175 140 -1.26234507829 -0.789039012322
1.00175 150 -1.23616689164 -0.778444778769
1.00175 160 -1.20712902804 -0.762727078338
1.00175 170 -1.18139689065 -0.745855359487
1.03382 0 -1.40333244046 -1.0880053049
1.03382 10 -1.40271922366 -1.08580810133
1.03382 20 -1.40085696343 -1.0791740072
1.03382 30 -1.39767794549 -1.06798118325
1.03382 40 -1.39307029165 -1.05204850219
1.03382 50 -1.38688169537 -1.03118106343
1.03382 60 -1.37892980514 -1.00526396796
1.03382 70 -1.36902554142 -0.974445629197
1.03382 80 -1.35701769513 -0.939473409981
1.03382 90 -1.34286552315 -0.902227623812
1.03382 100 -1.32673305192 -0.866259397404
1.03382 110 -1.30906270714 -0.83635721018
1.03382 120 -1.29052450284 -0.815960636763
1.03382 130 -1.27171389877 -0.804513349507
1.03382 140 -1.25270004522 -0.798134069373
1.03382 150 -1.2331241113 -0.792281158882
1.03382 160 -1.21366870625 -0.784513869245
1.03382 170 -1.19797371712 -0.776507299992
1.06589 0 -1.35627168981 -1.03837246693
1.06589 10 -1.35571229172 -1.03632697919
1.06589 20 -1.35401658693 -1.03016290442
1.06589 30 -1.35113257869 -1.01980451091
1.06589 40 -1.34697590358 -1.00515231098
1.06589 50 -1.3414351816 -0.986134716588
1.06589 60 -1.33438359292 -0.962806307569
1.06589 70 -1.32570104465 -0.935523052408
1.06589 80 -1.31531162415 -0.905226979043
1.06589 90 -1.30323767826 -0.873819196562
1.06589 100 -1.28966047486 -0.844367591007
1.06589 110 -1.27495538175 -0.82046816072
1.06589 120 -1.25964711815 -0.80440125725
1.06589 130 -1.24424946217 -0.795656756516
1.06589 140 -1.22908394455 -0.791518537183
1.06589 150 -1.21439197319 -0.788832939535
1.06589 160 -1.20100200967 -0.785706994399
1.06589 170 -1.19102546597 -0.782485155571
1.09796 0 -1.29482186599 -0.97471135587
1.09796 10 -1.29431518408 -0.97282011772
1.09796 20 -1.29278220962 -0.967132770206
1.09796 30 -1.29018496056 -0.957616484093
1.09796 40 -1.28646322835 -0.944246107346
1.09796 50 -1.28154070657 -0.927058227765
1.09796 60 -1.27533657946 -0.906247094601
1.09796 70 -1.26778532402 -0.882320963301
1.09796 80 -1.25886687348 -0.856325488477
1.09796 90 -1.24864572474 -0.830073816021
1.09796 100 -1.23730916584 -0.80614362067
1.09796 110 -1.22518285083 -0.787224723588
1.09796 120 -1.21269700761 -0.774835085037
1.09796 130 -1.20030048863 -0.768493301631
1.09796 140 -1.18838776486 -0.766199937985
1.09796 150 -1.17737269026 -0.765628080385
1.09796 160 -1.16796534519 -0.765185782666
1.09796 170 -1.1613799841 -0.764526954971
1.13003 0 -1.21463018332 -0.89269095166
1.13003 10 -1.21417462942 -0.890953690485
1.13003 20 -1.21279909946 -0.885741047849
1.13003 30 -1.21047793487 -0.877058958128
1.13003 40 -1.20717183469 -0.864947805407
1.13003 50 -1.20283412093 -0.849535548242
1.13003 60 -1.19742153669 -0.831125917759
1.13003 70 -1.19091107997 -0.810329421672
1.13003 80 -1.18332337671 -0.788225033779
1.13003 90 -1.17475002949 -0.766476709342
1.13003 100 -1.16537681484 -0.747211603735
1.13003 110 -1.15548888895 -0.732436479967
1.13003 120 -1.14544573896 -0.723152117365
1.13003 130 -1.13563196194 -0.718889110813
1.13003 140 -1.12642258027 -0.718093823598
1.13003 150 -1.11821669591 -0.718946512537
1.13003 160 -1.11153791754 -0.720054041851
1.13003 170 -1.10707439954 -0.720757449047
1.1621 0 -1.10960992088 -0.786225812853
1.1621 10 -1.10920351662 -0.784639603891
1.1621 20 -1.10797898609 -0.779891478652
1.1621 30 -1.10592135985 -0.772021410377
1.1621 40 -1.10300917756 -0.761125750905
1.1621 50 -1.09922041205 -0.747406692465
1.1621 60 -1.09454195887 -0.731249052358
1.1621 70 -1.08898328387 -0.71332333127
1.1621 80 -1.08259376006 -0.694691612329
1.1621 90 -1.07548088275 -0.676841121794
1.1621 100 -1.06782319334 -0.661505848158
1.1621 110 -1.05986950189 -0.650177258976
1.1621 120 -1.05191922711 -0.643495519885
1.1621 130 -1.04429048692 -0.640992997492
1.1621 140 -1.03729725405 -0.641401463703
1.1621 150 -1.03125673952 -0.643229366996
1.1621 160 -1.02651775599 -0.645238780416
1.1621 170 -1.02345710965 -0.646662757054
1.19417 0 -0.970995309328 -0.64653560307
1.19417 10 -0.970635747746 -0.645095076733
1.19417 20 -0.969554806191 -0.640793842564
1.19417 30 -0.967746651494 -0.633700945578
1.19417 40 -0.965204806937 -0.623959036042
1.19417 50 -0.961927389528 -0.611828168813
1.19417 60 -0.957924979239 -0.597749100406
1.19417 70 -0.953231094788 -0.582418734447
1.19417 80 -0.947914306504 -0.566849246049
1.19417 90 -0.942089380989 -0.552345351113
1.19417 100 -0.935923024659 -0.540307760356
1.19417 110 -0.929629316034 -0.531837368007
1.19417 120 -0.923452990542 -0.527317402171
1.19417 130 -0.917645794024 -0.526278134042
1.19417 140 -0.91244757616 -0.527642864395
1.19417 150 -0.908081333049 -0.530147634615
1.19417 160 -0.90475720888 -0.532687948487
1.19417 170 -0.90266640132 -0.534491513094
1.22624 0 -0.785714605236 -0.46052245124
1.22624 10 -0.785399293809 -0.45922004675
1.22624 20 -0.784453699887 -0.455341499155
1.22624 30 -0.782879668678 -0.448980031528
1.22624 40 -0.780683071372 -0.440315392925
1.22624 50 -0.77787811486 -0.429650714525
1.22624 60 -0.774493426567 -0.417461598739
1.22624 70 -0.770579510995 -0.404446195156
1.22624 80 -0.766216424109 -0.391547309795
1.22624 90 -0.76151947062 -0.379894279444
1.22624 100 -0.756639889684 -0.370610054191
1.22624 110 -0.751757830122 -0.364497733689
1.22624 120 -0.747067380542 -0.361754695466
1.22624 130 -0.742757573962 -0.361909590983
1.22624 140 -0.73899628948 -0.364022160694
1.22624 150 -0.735922321611 -0.366997770189
1.22624 160 -0.733644825935 -0.369850887239
1.22624 170 -0.732244453207 -0.371850508677
1.25831 0 -0.533400796286 -0.207785533462
1.25831 10 -0.533126896039 -0.206611793898
1.25831 20 -0.532307698739 -0.20312612499
1.25831 30 -0.530951374183 -0.197441381078
1.25831 40 -0.529073731493 -0.189766131966
1.25831 50 -0.526701443785 -0.180433928152
1.25831 60 -0.523876290828 -0.16993846546
1.25831 70 -0.520659830812 -0.158961533879
1.25831 80 -0.517137371368 -0.148367183457
1.25831 90 -0.513419530482 -0.139123422146
1.25831 100 -0.509639441201 -0.132124027528
1.25831 110 -0.505944315401 -0.12794369679
1.25831 120 -0.502481953524 -0.126644093884
1.25831 130 -0.499385308585 -0.1277549077
1.25831 140 -0.496759787083 -0.130439210248
1.25831 150 -0.494677167147 -0.133735895389
1.25831 160 -0.493177263037 -0.136766284714
1.25831 170 -0.492275805306 -0.138858759423
1.29038 0 -0.180443746506 0.145323297688
1.29038 10 -0.180208220189 0.146379394415
1.29038 20 -0.179505906745 0.149506526935
1.29038 30 -0.178350058567 0.154576188059
1.29038 40 -0.176764243147 0.161358013594
1.29038 50 -0.174784389966 0.169498258832
1.29038 60 -0.172461212094 0.178497629055
1.29038 70 -0.169862379132 0.187701912716
1.29038 80 -0.167073469599 0.196328077294
1.29038 90 -0.16419649166 0.203552307319
1.29038 100 -0.161344867369 0.208668805541
1.29038 110 -0.158634516377 0.211279073861
1.29038 120 -0.156172071065 0.211421145472
1.29038 130 -0.154042831382 0.209561098555
1.29038 140 -0.152301948774 0.206453458302
1.29038 150 -0.150971864946 0.202949620809
1.29038 160 -0.15004736862 0.199832465953
1.29038 170 -0.149507418313 0.197709622659
1.32245 0 0.333077856943 0.658764467055
1.32245 10 0.333278178048 0.659715149935
1.32245 20 0.33387347932 0.662521488423
1.32245 30 0.334846547783 0.667042565298
1.32245 40 0.3361680024 0.673031784047
1.32245 50 0.337795464727 0.680122893778
1.32245 60 0.339672876524 0.687819557957
1.32245 70 0.341730509171 0.69550119791
1.32245 80 0.343886386883 0.702463274428
1.32245 90 0.346049865345 0.708008300255
1.32245 100 0.348127823545 0.711584241787
1.32245 110 0.350033241095 0.712929396884
1.32245 120 0.351694924544 0.712155429576
1.32245 130 0.35306618056 0.70972144331
1.32245 140 0.354129802195 0.70631379656
1.32245 150 0.35489719152 0.702691398348
1.32245 160 0.355400771269 0.699551523665
1.32245 170 0.355680802811 0.697439108081
1.35452 0 1.12608303279 1.45149453132
1.35452 10 1.1262513604 1.45235286564
1.35452 20 1.12674961026 1.45487839484
1.35452 30 1.12755760655 1.45892018825
1.35452 40 1.12864186134 1.46421940503
1.35452 50 1.12995596142 1.4704024844
1.35452 60 1.13144149986 1.47698113011
1.35452 70 1.13302992735 1.4833704431
1.35452 80 1.13464575235 1.48893886263
1.35452 90 1.13621140199 1.49309805268
1.35452 100 1.13765373094 1.49542178126
1.35452 110 1.13891160134 1.4957554333
1.35452 120 1.13994329199 1.49426549587
1.35452 130 1.14073196503 1.49140225668
1.35452 140 1.14128732903 1.48779440352
1.35452 150 1.14164215886 1.48412170694
1.35452 160 1.14184348151 1.48100517709
1.35452 170 1.14193980881 1.47893077396
