0.2 -160 -0.242956896836 0.108392190117
0.2 -150 -0.244001913799 0.111495411339
0.2 -140 -0.245491086809 0.114959113966
0.2 -130 -0.247420813458 0.117978727524
0.2 -120 -0.249758493376 0.119678666121
0.2 -110 -0.252438234121 0.119286399472
0.2 -100 -0.255364283338 0.11633457377
0.2 -90 -0.258420777974 0.110806049811
0.2 -80 -0.261484591166 0.103136998468
0.2 -70 -0.264437552072 0.0940743111013
0.2 -60 -0.267175327454 0.0844742704324
0.2 -50 -0.269612013966 0.0751389753055
0.2 -40 -0.27168098917 0.0667298742552
0.2 -30 -0.273333304573 0.0597458507711
0.2 -20 -0.27453495061 0.0545366646084
0.2 -10 -0.275264009065 0.0513280877507
0.2 0 -0.275508322934 0.0502452500475
0.2 10 -0.275264009065 0.0513280877507
0.2 20 -0.27453495061 0.0545366646084
0.2 30 -0.273333304574 0.0597458507711
0.2 40 -0.27168098917 0.0667298742552
0.2 50 -0.269612013966 0.0751389753055
0.2 60 -0.267175327455 0.0844742704324
0.2 70 -0.264437552072 0.0940743111013
0.2 80 -0.261484591166 0.103136998468
0.2 90 -0.258420777975 0.110806049811
0.2 100 -0.255364283338 0.11633457377
0.2 110 -0.252438234122 0.119286399472
0.2 120 -0.249758493375 0.119678666121
0.2 130 -0.247420813459 0.117978727524
0.2 140 -0.245491086809 0.114959113966
0.2 150 -0.244001913798 0.111495411339
0.2 160 -0.242956896837 0.108392190117
0.2 170 -0.242341789228 0.106272227962
0.24276 -160 -0.640215912793 -0.2797060591
0.24276 -150 -0.642130291407 -0.276763276058
0.24276 -140 -0.644744777239 -0.27363357619
0.24276 -130 -0.647983497584 -0.271255099405
0.24276 -120 -0.651738725169 -0.270661502438
0.24276 -110 -0.655870865883 -0.272745400281
0.24276 -100 -0.660215965122 -0.277978082487
0.24276 -90 -0.664600430044 -0.286225770875
0.24276 -80 -0.668858438961 -0.296791031198
0.24276 -70 -0.672846280417 -0.30865504847
0.24276 -60 -0.676450105653 -0.32075987813
0.24276 -50 -0.679586912003 -0.332195930083
0.24276 -40 -0.682200771885 -0.342270337826
0.24276 -30 -0.684256839142 -0.350497913846
0.24276 -20 -0.685735122792 -0.35656102337
0.24276 -10 -0.686625193302 -0.360266567883
0.24276 0 -0.686922324274 -0.361512348149
0.24276 10 -0.686625193304 -0.360266567883
0.24276 20 -0.685735122793 -0.35656102337
0.24276 30 -0.68425683914 -0.350497913846
0.24276 40 -0.682200771884 -0.342270337826
0.24276 50 -0.679586912004 -0.332195930083
0.24276 60 -0.676450105653 -0.32075987813
0.24276 70 -0.672846280417 -0.30865504847
0.24276 80 -0.668858438958 -0.296791031198
0.24276 90 -0.664600430042 -0.286225770875
0.24276 100 -0.660215965122 -0.277978082487
0.24276 110 -0.655870865883 -0.272745400281
0.24276 120 -0.651738725169 -0.270661502438
0.24276 130 -0.647983497584 -0.271255099405
0.24276 140 -0.644744777239 -0.27363357619
0.24276 150 -0.642130291406 -0.276763276058
0.24276 160 -0.640215912795 -0.2797060591
0.24276 170 -0.639049989021 -0.281755288546
0.28552 -160 -0.890575691084 -0.51934909164
0.28552 -150 -0.89378411407 -0.516770620319
0.28552 -140 -0.898009787851 -0.514212284798
0.28552 -130 -0.903053942969 -0.51276646907
0.28552 -120 -0.908702380562 -0.513678632722
0.28552 -110 -0.914722489276 -0.518010284091
0.28552 -100 -0.920868820362 -0.526231380155
0.28552 -90 -0.926901724265 -0.537979424071
0.28552 -80 -0.932610445368 -0.552186031397
0.28552 -70 -0.937829633637 -0.56747975747
0.28552 -60 -0.942444201773 -0.582573354473
0.28552 -50 -0.946384153851 -0.596460708707
0.28552 -40 -0.949614034005 -0.608443823134
0.28552 -30 -0.952121277872 -0.61807770728
0.28552 -20 -0.953906037529 -0.625097512176
0.28552 -10 -0.954973480557 -0.629356598903
0.28552 0 -0.955328633184 -0.630783367028
0.28552 10 -0.954973480557 -0.629356598903
0.28552 20 -0.953906037528 -0.625097512176
0.28552 30 -0.952121277872 -0.61807770728
0.28552 40 -0.949614034004 -0.608443823134
0.28552 50 -0.94638415385 -0.596460708707
0.28552 60 -0.942444201773 -0.582573354473
0.28552 70 -0.937829633637 -0.56747975747
0.28552 80 -0.932610445367 -0.552186031397
0.28552 90 -0.926901724261 -0.537979424071
0.28552 100 -0.920868820361 -0.526231380155
0.28552 110 -0.914722489275 -0.518010284091
0.28552 120 -0.908702380562 -0.513678632722
0.28552 130 -0.903053942969 -0.51276646907
0.28552 140 -0.898009787851 -0.514212284798
0.28552 150 -0.89378411407 -0.516770620319
0.28552 160 -0.890575691082 -0.51934909164
0.28552 170 -0.888562304003 -0.521177985356
0.32828 -160 -1.04956689135 -0.665968622759
0.32828 -150 -1.05470943478 -0.664131129626
0.32828 -140 -1.0612126188 -0.662502343858
0.32828 -130 -1.06868920733 -0.662354443812
0.32828 -120 -1.07680019161 -0.665245302222
0.32828 -110 -1.0852151979 -0.672500213187
0.32828 -100 -1.09360027847 -0.684586670775
0.32828 -90 -1.1016424131 -0.700790181624
0.32828 -80 -1.10908440693 -0.719510141243
0.32828 -70 -1.11574555647 -0.738925101019
0.32828 -60 -1.12152126296 -0.757504900596
0.32828 -50 -1.1263680079 -0.77417990371
0.32828 -40 -1.13028318447 -0.788290433074
0.32828 -30 -1.13328640712 -0.7994684289
0.32828 -20 -1.13540510536 -0.807527723198
0.32828 -10 -1.13666469048 -0.812384313589
0.32828 0 -1.13708251487 -0.814005827447
0.32828 10 -1.13666469047 -0.812384313589
0.32828 20 -1.13540510536 -0.807527723198
0.32828 30 -1.13328640712 -0.7994684289
0.32828 40 -1.13028318447 -0.788290433074
0.32828 50 -1.1263680079 -0.77417990371
0.32828 60 -1.12152126296 -0.757504900596
0.32828 70 -1.11574555647 -0.738925101019
0.32828 80 -1.10908440693 -0.719510141243
0.32828 90 -1.1016424131 -0.700790181624
0.32828 100 -1.09360027847 -0.684586670775
0.32828 110 -1.0852151979 -0.672500213187
0.32828 120 -1.07680019161 -0.665245302222
0.32828 130 -1.06868920734 -0.662354443812
0.32828 140 -1.0612126188 -0.662502343858
0.32828 150 -1.05470943478 -0.664131129626
0.32828 160 -1.04956689134 -0.665968622759
0.32828 170 -1.04622152215 -0.667261256922
0.37104 -160 -1.14679927321 -0.749021783197
0.37104 -150 -1.15491212734 -0.748692661733
0.37104 -140 -1.16462717925 -0.748583510822
0.37104 -130 -1.17531272246 -0.750192868101
0.37104 -120 -1.18654734815 -0.755600272333
0.37104 -110 -1.1979372461 -0.766587827069
0.37104 -100 -1.20906093755 -0.783630063774
0.37104 -90 -1.21952054356 -0.8054553766
0.37104 -80 -1.22900860336 -0.829691709546
0.37104 -70 -1.23733768739 -0.853961626953
0.37104 -60 -1.24443005142 -0.876510952051
0.37104 -50 -1.25028660381 -0.896272298303
0.37104 -40 -1.25495321892 -0.912687694175
0.37104 -30 -1.25849357816 -0.92551214222
0.37104 -20 -1.26097059792 -0.934667629444
0.37104 -10 -1.2624351015 -0.940149967357
0.37104 0 -1.26291956338 -0.941974755305
0.37104 10 -1.2624351015 -0.940149967357
0.37104 20 -1.26097059792 -0.934667629444
0.37104 30 -1.25849357816 -0.92551214222
0.37104 40 -1.25495321892 -0.912687694175
0.37104 50 -1.2502866038 -0.896272298303
0.37104 60 -1.24443005142 -0.876510952051
0.37104 70 -1.23733768739 -0.853961626953
0.37104 80 -1.22900860336 -0.829691709546
0.37104 90 -1.21952054356 -0.8054553766
0.37104 100 -1.20906093755 -0.783630063774
0.37104 110 -1.1979372461 -0.766587827069
0.37104 120 -1.18654734815 -0.755600272333
0.37104 130 -1.17531272246 -0.750192868101
0.37104 140 -1.16462717925 -0.748583510822
0.37104 150 -1.15491212734 -0.748692661733
0.37104 160 -1.14679927321 -0.749021783197
0.37104 170 -1.14124211521 -0.74905587798
0.4138 -160 -1.19872385325 -0.784699725739
0.4138 -150 -1.21165338888 -0.787496198665
0.4138 -140 -1.22594249714 -0.789937626788
0.4138 -130 -1.24076703577 -0.793880293893
0.4138 -120 -1.25585523133 -0.802377961581
0.4138 -110 -1.27087237155 -0.818061092464
0.4138 -100 -1.28531129816 -0.84143618312
0.4138 -90 -1.29865810428 -0.870311114854
0.4138 -80 -1.31054284882 -0.901189283788
0.4138 -70 -1.32078327033 -0.931051085282
0.4138 -60 -1.32935213231 -0.958000044979
0.4138 -50 -1.33631915835 -0.98108042051
0.4138 -40 -1.34179855866 -0.999919111195
0.4138 -30 -1.34591229187 -1.01444666182
0.4138 -20 -1.34876808609 -1.02472346956
0.4138 -10 -1.35044781626 -1.03084146396
0.4138 0 -1.35100204522 -1.03287205839
0.4138 10 -1.35044781626 -1.03084146396
0.4138 20 -1.34876808609 -1.02472346956
0.4138 30 -1.34591229186 -1.01444666182
0.4138 40 -1.34179855866 -0.999919111195
0.4138 50 -1.33631915835 -0.98108042051
0.4138 60 -1.32935213231 -0.958000044979
0.4138 70 -1.32078327033 -0.931051085282
0.4138 80 -1.31054284882 -0.901189283788
0.4138 90 -1.29865810428 -0.870311114854
0.4138 100 -1.28531129816 -0.84143618312
0.4138 110 -1.27087237155 -0.818061092464
0.4138 120 -1.25585523133 -0.802377961581
0.4138 130 -1.24076703577 -0.793880293893
0.4138 140 -1.22594249714 -0.789937626788
0.4138 150 -1.21165338888 -0.787496198665
0.4138 160 -1.19872385325 -0.784699725739
0.4138 170 -1.18915575412 -0.781802568345
0.45656 -160 -1.21384997404 -0.781215209453
0.45656 -150 -1.23518297302 -0.790498526382
0.45656 -140 -1.25614102004 -0.797307188209
0.45656 -130 -1.27615358061 -0.804277780057
0.45656 -120 -1.29582643821 -0.81640098773
0.45656 -110 -1.31519042079 -0.837926513897
0.45656 -100 -1.33362437274 -0.869422769468
0.45656 -90 -1.35041166824 -0.90709289737
0.45656 -80 -1.36509036703 -0.945818437441
0.45656 -70 -1.37750288846 -0.981944147718
0.45656 -60 -1.38770885425 -1.01361682415
0.45656 -50 -1.39588069394 -1.04015042648
0.45656 -40 -1.40222618345 -1.06145387146
0.45656 -30 -1.40694230356 -1.07768618932
0.45656 -20 -1.41019192113 -1.08907332691
0.45656 -10 -1.41209391024 -1.09581654744
0.45656 0 -1.41271994387 -1.09804892535
0.45656 10 -1.41209391024 -1.09581654744
0.45656 20 -1.41019192113 -1.08907332691
0.45656 30 -1.40694230356 -1.07768618932
0.45656 40 -1.40222618344 -1.06145387146
0.45656 50 -1.39588069395 -1.04015042648
0.45656 60 -1.38770885425 -1.01361682415
0.45656 70 -1.37750288846 -0.981944147718
0.45656 80 -1.36509036703 -0.945818437441
0.45656 90 -1.35041166824 -0.90709289737
0.45656 100 -1.33362437274 -0.869422769468
0.45656 110 -1.31519042079 -0.837926513897
0.45656 120 -1.29582643821 -0.81640098773
0.45656 130 -1.27615358061 -0.804277780057
0.45656 140 -1.25614102004 -0.797307188209
0.45656 150 -1.23518297302 -0.790498526382
0.45656 160 -1.21384997404 -0.781215209453
0.45656 170 -1.19627418078 -0.771575871108
0.49932 -160 -1.19465679753 -0.740987127204
0.49932 -150 -1.23157787322 -0.763493005647
0.49932 -140 -1.26255399946 -0.777747275984
0.49932 -130 -1.28880489652 -0.788483480074
0.49932 -120 -1.31364648821 -0.804570161736
0.49932 -110 -1.33813843802 -0.833330875987
0.49932 -100 -1.36139851316 -0.875363586881
0.49932 -90 -1.3822926689 -0.923920444185
0.49932 -80 -1.40021321169 -0.971665697606
0.49932 -70 -1.41506777078 -1.01455586466
0.49932 -60 -1.42706173965 -1.05110572708
0.49932 -50 -1.43651760437 -1.08109476048
0.49932 -40 -1.4437680977 -1.10481132522
0.49932 -30 -1.44910417799 -1.12268774525
0.49932 -20 -1.4527546623 -1.13513496259
0.49932 -10 -1.4548812682 -1.14247142926
0.49932 0 -1.45557961225 -1.14489470632
0.49932 10 -1.4548812682 -1.14247142926
0.49932 20 -1.4527546623 -1.13513496259
0.49932 30 -1.44910417799 -1.12268774525
0.49932 40 -1.4437680977 -1.10481132522
0.49932 50 -1.43651760437 -1.08109476048
0.49932 60 -1.42706173965 -1.05110572708
0.49932 70 -1.41506777078 -1.01455586466
0.49932 80 -1.40021321169 -0.971665697606
0.49932 90 -1.3822926689 -0.923920444185
0.49932 100 -1.36139851316 -0.875363586881
0.49932 110 -1.33813843802 -0.833330875987
0.49932 120 -1.31364648821 -0.804570161736
0.49932 130 -1.28880489652 -0.788483480074
0.49932 140 -1.26255399946 -0.777747275984
0.49932 150 -1.23157787322 -0.763493005647
0.49932 160 -1.19465679753 -0.740987127204
0.49932 170 -1.15996747708 -0.716025521323
0.54208 -160 -1.13808887638 -0.661438647779
0.54208 -150 -1.20450740039 -0.710050525477
0.54208 -140 -1.25073528103 -0.736534948649
0.54208 -130 -1.28398379694 -0.751543047624
0.54208 -120 -1.31415034878 -0.771429692242
0.54208 -110 -1.34462875948 -0.809226748116
0.54208 -100 -1.37378638567 -0.865202183054
0.54208 -90 -1.39959587301 -0.926977886868
0.54208 -80 -1.42124097494 -0.984651861167
0.54208 -70 -1.43878947145 -1.03449351686
0.54208 -60 -1.45268906506 -1.07583626773
0.54208 -50 -1.46347621802 -1.10912218769
0.54208 -40 -1.47164518436 -1.13509567811
0.54208 -30 -1.47760041788 -1.15448909392
0.54208 -20 -1.48164666907 -1.16790569442
0.54208 -10 -1.48399339382 -1.175781684
0.54208 0 -1.48476234251 -1.17837812147
0.54208 10 -1.48399339382 -1.175781684
0.54208 20 -1.48164666907 -1.16790569442
0.54208 30 -1.47760041789 -1.15448909392
0.54208 40 -1.47164518436 -1.13509567811
0.54208 50 -1.46347621802 -1.10912218769
0.54208 60 -1.45268906506 -1.07583626773
0.54208 70 -1.43878947145 -1.03449351686
0.54208 80 -1.42124097494 -0.984651861167
0.54208 90 -1.39959587301 -0.926977886868
0.54208 100 -1.37378638567 -0.865202183054
0.54208 110 -1.34462875948 -0.809226748116
0.54208 120 -1.31415034878 -0.771429692242
0.54208 130 -1.28398379694 -0.751543047624
0.54208 140 -1.25073528102 -0.736534948649
0.54208 150 -1.20450740039 -0.710050525477
0.54208 160 -1.13808887638 -0.661438647779
0.54208 170 -1.0654985822 -0.601594817035
0.58484 -160 -1.03648308917 -0.535856379867
0.58484 -150 -1.15715992164 -0.633639796343
0.58484 -140 -1.2258829712 -0.678718223724
0.58484 -130 -1.26598446704 -0.697584280231
0.58484 -120 -1.30070638655 -0.720050557248
0.58484 -110 -1.33821514085 -0.769571274296
0.58484 -100 -1.37473990214 -0.844388553405
0.58484 -90 -1.40640897247 -0.921480204338
0.58484 -80 -1.43222753548 -0.989368074111
0.58484 -70 -1.45264027059 -1.0458852602
0.58484 -60 -1.46848585588 -1.09164564237
0.58484 -50 -1.48059201922 -1.12789231585
0.58484 -40 -1.48965077768 -1.15585806464
0.58484 -30 -1.49619604752 -1.17657520615
0.58484 -20 -1.5006151113 -1.19083128007
0.58484 -10 -1.50316765664 -1.1991723318
0.58484 0 -1.5040023848 -1.20191770447
0.58484 10 -1.50316765664 -1.1991723318
0.58484 20 -1.5006151113 -1.19083128007
0.58484 30 -1.49619604752 -1.17657520615
0.58484 40 -1.48965077768 -1.15585806464
0.58484 50 -1.48059201922 -1.12789231585
0.58484 60 -1.46848585588 -1.09164564237
0.58484 70 -1.45264027059 -1.0458852602
0.58484 80 -1.43222753548 -0.989368074111
0.58484 90 -1.40640897247 -0.921480204338
0.58484 100 -1.37473990214 -0.844388553405
0.58484 110 -1.33821514085 -0.769571274296
0.58484 120 -1.30070638655 -0.720050557248
0.58484 130 -1.26598446705 -0.697584280231
0.58484 140 -1.22588297121 -0.678718223724
0.58484 150 -1.15715992163 -0.633639796343
0.58484 160 -1.03648308916 -0.535856379867
0.58484 170 -0.87778799285 -0.395010773022
0.6276 -160 -0.882788015895 -0.358059593785
0.6276 -150 -1.09534557259 -0.541014373478
0.6276 -140 -1.19409661877 -0.610782194682
0.6276 -130 -1.23902485517 -0.630806084174
0.6276 -120 -1.2757047102 -0.652525757584
0.6276 -110 -1.32188137876 -0.718877279569
0.6276 -100 -1.36785972172 -0.818944850512
0.6276 -90 -1.40631044008 -0.912098832786
0.6276 -80 -1.43653604787 -0.98946552839
0.6276 -70 -1.45978330304 -1.05181506208
0.6276 -60 -1.47747044228 -1.10130589156
0.6276 -50 -1.49078639495 -1.14000053432
0.6276 -40 -1.5006433304 -1.16959089443
0.6276 -30 -1.5077095756 -1.19137757435
0.6276 -20 -1.51245422648 -1.2063078286
0.6276 -10 -1.51518527385 -1.21502099961
0.6276 0 -1.51607685753 -1.21788533536
0.6276 10 -1.51518527385 -1.21502099961
0.6276 20 -1.51245422648 -1.2063078286
0.6276 30 -1.5077095756 -1.19137757435
0.6276 40 -1.50064333041 -1.16959089443
0.6276 50 -1.49078639495 -1.14000053432
0.6276 60 -1.47747044228 -1.10130589156
0.6276 70 -1.45978330304 -1.05181506208
0.6276 80 -1.43653604787 -0.98946552839
0.6276 90 -1.40631044008 -0.912098832786
0.6276 100 -1.36785972172 -0.818944850512
0.6276 110 -1.32188137876 -0.718877279569
0.6276 120 -1.2757047102 -0.652525757584
0.6276 130 -1.23902485517 -0.630806084174
0.6276 140 -1.19409661877 -0.610782194682
0.6276 150 -1.09534557259 -0.541014373478
0.6276 160 -0.882788015894 -0.358059593785
0.6276 170 -0.524224498527 -0.0249148972723
0.67036 -160 -0.689085834477 -0.14085119024
0.67036 -150 -1.03158480864 -0.447329704474
0.67036 -140 -1.16325116587 -0.542873731077
0.67036 -130 -1.20846953018 -0.557031552844
0.67036 -120 -1.24079445622 -0.570255376288
0.67036 -110 -1.29925584579 -0.666034359613
0.67036 -100 -1.35730253777 -0.795723865053
0.67036 -90 -1.40283460145 -0.902899469187
0.67036 -80 -1.43713274872 -0.987769638147
0.67036 -70 -1.46281816224 -1.05453339186
0.67036 -60 -1.48202061709 -1.10677790565
0.67036 -50 -1.49630358123 -1.14725185492
0.67036 -40 -1.5067860361 -1.17801120453
0.67036 -30 -1.51425500471 -1.20056230742
0.67036 -20 -1.51924899747 -1.21597228985
0.67036 -10 -1.52211594315 -1.22494954112
0.67036 0 -1.52305068892 -1.22789819374
0.67036 10 -1.52211594315 -1.22494954112
0.67036 20 -1.51924899747 -1.21597228985
0.67036 30 -1.51425500471 -1.20056230742
0.67036 40 -1.5067860361 -1.17801120453
0.67036 50 -1.49630358123 -1.14725185492
0.67036 60 -1.48202061709 -1.10677790565
0.67036 70 -1.46281816224 -1.05453339186
0.67036 80 -1.43713274872 -0.987769638147
0.67036 90 -1.40283460145 -0.902899469187
0.67036 100 -1.35730253777 -0.795723865053
0.67036 110 -1.29925584579 -0.666034359613
0.67036 120 -1.24079445622 -0.570255376288
0.67036 130 -1.20846953018 -0.557031552844
0.67036 140 -1.16325116587 -0.542873731077
0.67036 150 -1.03158480864 -0.447329704474
0.67036 160 -0.689085834477 -0.14085119024
0.67036 170 0.121653843358 0.636519417601
0.71312 -160 -0.522055883866 0.0452299034487
0.71312 -150 -0.986308977921 -0.379870641715
0.71312 -140 -1.14252922507 -0.492244819333
0.71312 -130 -1.18357825899 -0.48893288537
0.71312 -120 -1.19807860098 -0.474385476599
0.71312 -110 -1.27793656637 -0.629013658025
0.71312 -100 -1.34853346943 -0.781077137322
0.71312 -90 -1.39949142991 -0.896977810596
0.71312 -80 -1.4365375272 -0.986259386928
0.71312 -70 -1.46376811717 -1.05554906132
0.71312 -60 -1.48389756496 -1.10934527527
0.71312 -50 -1.49875930885 -1.1508123118
0.71312 -40 -1.5096108059 -1.18222002858
0.71312 -30 -1.51731506263 -1.20519333591
0.71312 -20 -1.5224537756 -1.22086755222
0.71312 -10 -1.52539927372 -1.22999001542
0.71312 0 -1.52635891854 -1.23298499532
0.71312 10 -1.52539927372 -1.22999001542
0.71312 20 -1.5224537756 -1.22086755222
0.71312 30 -1.51731506263 -1.20519333591
0.71312 40 -1.5096108059 -1.18222002858
0.71312 50 -1.49875930885 -1.1508123118
0.71312 60 -1.48389756496 -1.10934527527
0.71312 70 -1.46376811717 -1.05554906132
0.71312 80 -1.4365375272 -0.986259386928
0.71312 90 -1.39949142991 -0.896977810596
0.71312 100 -1.34853346943 -0.781077137322
0.71312 110 -1.27793656637 -0.629013658025
0.71312 120 -1.19807860099 -0.474385476599
0.71312 130 -1.18357825899 -0.48893288537
0.71312 140 -1.14252922508 -0.492244819333
0.71312 150 -0.986308977922 -0.379870641715
0.71312 160 -0.522055883867 0.0452299034487
0.71312 170 1.06553512893 1.59977861912
0.75588 -160 -0.493177857848 0.0774977775665
0.75588 -150 -0.979230284711 -0.369140167224
0.75588 -140 -1.13937114621 -0.483788494011
0.75588 -130 -1.17924188306 -0.473851676294
0.75588 -120 -1.1987777038 -0.44104631088
0.75588 -110 -1.27388870849 -0.623411818831
0.75588 -100 -1.34707678052 -0.778918219166
0.75588 -90 -1.39892996025 -0.896099741151
0.75588 -80 -1.43639888006 -0.986016183779
0.75588 -70 -1.46386006365 -1.05566564741
0.75588 -60 -1.48412562259 -1.10968156033
0.75588 -50 -1.49907152806 -1.15128867397
0.75588 -40 -1.50997635353 -1.18278761719
0.75588 -30 -1.51771446818 -1.20582023067
0.75588 -20 -1.52287394797 -1.22153152275
0.75588 -10 -1.52583069838 -1.23067434772
0.75588 0 -1.52679390687 -1.23367582163
0.75588 10 -1.52583069838 -1.23067434772
0.75588 20 -1.52287394797 -1.22153152275
0.75588 30 -1.51771446818 -1.20582023067
0.75588 40 -1.50997635353 -1.18278761719
0.75588 50 -1.49907152807 -1.15128867397
0.75588 60 -1.48412562259 -1.10968156033
0.75588 70 -1.46386006365 -1.05566564741
0.75588 80 -1.43639888006 -0.986016183779
0.75588 90 -1.39892996025 -0.896099741151
0.75588 100 -1.34707678052 -0.778918219166
0.75588 110 -1.27388870849 -0.623411818831
0.75588 120 -1.1987777038 -0.44104631088
0.75588 130 -1.17924188306 -0.473851676294
0.75588 140 -1.13937114621 -0.483788494011
0.75588 150 -0.979230284713 -0.369140167224
0.75588 160 -0.493177857848 0.0774977775665
0.75588 170 1.30250219081 1.84249208219
0.79864 -160 -0.627019755036 -0.0717421016467
0.79864 -150 -1.01384222494 -0.421083931063
0.79864 -140 -1.15501983834 -0.523533964096
0.79864 -130 -1.1991796582 -0.533376987107
0.79864 -120 -1.22759438737 -0.540729349853
0.79864 -110 -1.29163517927 -0.651349826138
0.79864 -100 -1.35397932301 -0.789808004073
0.79864 -90 -1.401583105 -0.900515647282
0.79864 -80 -1.43696832861 -0.987191275948
0.79864 -70 -1.46327465631 -1.05499447303
0.79864 -60 -1.48285273421 -1.10787953455
0.79864 -50 -1.49737139732 -1.14876423879
0.79864 -40 -1.50800462356 -1.17979210762
0.79864 -30 -1.51556992638 -1.20251821555
0.79864 -20 -1.52062325769 -1.21803778556
0.79864 -10 -1.52352244062 -1.22707528224
0.79864 0 -1.52446740918 -1.23004315821
0.79864 10 -1.52352244061 -1.22707528224
0.79864 20 -1.52062325769 -1.21803778556
0.79864 30 -1.51556992638 -1.20251821555
0.79864 40 -1.50800462356 -1.17979210762
0.79864 50 -1.49737139732 -1.14876423879
0.79864 60 -1.48285273421 -1.10787953455
0.79864 70 -1.46327465631 -1.05499447303
0.79864 80 -1.4369683286 -0.987191275948
0.79864 90 -1.401583105 -0.900515647282
0.79864 100 -1.35397932301 -0.789808004073
0.79864 110 -1.29163517927 -0.651349826138
0.79864 120 -1.22759438737 -0.540729349853
0.79864 130 -1.1991796582 -0.533376987107
0.79864 140 -1.15501983834 -0.523533964096
0.79864 150 -1.01384222494 -0.421083931063
0.79864 160 -0.627019755037 -0.0717421016467
0.79864 170 0.410135103186 0.930669976908
0.8414 -160 -0.822887299504 -0.290445684478
0.8414 -150 -1.07412840873 -0.509827543291
0.8414 -140 -1.18360685582 -0.588216076482
0.8414 -130 -1.22922801845 -0.607381686969
0.8414 -120 -1.26546019474 -0.627533416215
0.8414 -110 -1.31503287931 -0.701377083507
0.8414 -100 -1.36462046434 -0.810871374886
0.8414 -90 -1.40538457745 -0.908937285768
0.8414 -80 -1.43700128135 -0.989001238666
0.8414 -70 -1.46110117416 -1.05295612503
0.8414 -60 -1.47932551536 -1.10345490553
0.8414 -50 -1.49298724481 -1.14280344365
0.8414 -40 -1.50306912838 -1.17282452672
0.8414 -30 -1.51028076525 -1.19489335248
0.8414 -20 -1.51511567098 -1.21000087391
0.8414 -10 -1.51789599087 -1.21881169406
0.8414 0 -1.51880323628 -1.22170721789
0.8414 10 -1.51789599088 -1.21881169406
0.8414 20 -1.51511567099 -1.21000087391
0.8414 30 -1.51028076525 -1.19489335248
0.8414 40 -1.50306912838 -1.17282452672
0.8414 50 -1.49298724481 -1.14280344365
0.8414 60 -1.47932551536 -1.10345490553
0.8414 70 -1.46110117416 -1.05295612503
0.8414 80 -1.43700128135 -0.989001238666
0.8414 90 -1.40538457745 -0.908937285768
0.8414 100 -1.36462046434 -0.810871374886
0.8414 110 -1.31503287931 -0.701377083507
0.8414 120 -1.26546019475 -0.627533416215
0.8414 130 -1.22922801845 -0.607381686969
0.8414 140 -1.18360685582 -0.588216076482
0.8414 150 -1.07412840872 -0.509827543291
0.8414 160 -0.8228872995 -0.290445684478
0.8414 170 -0.354854925623 0.149393320412
0.88416 -160 -0.992661909142 -0.484241603277
0.88416 -150 -1.13836064244 -0.605012287529
0.88416 -140 -1.21604274089 -0.657509721292
0.88416 -130 -1.25804380894 -0.677207894036
0.88416 -120 -1.29380748122 -0.699943388671
0.88416 -110 -1.33388307943 -0.75413501698
0.88416 -100 -1.37319574029 -0.836364301048
0.88416 -90 -1.40696419479 -0.918666072213
0.88416 -80 -1.43419807634 -0.989751585698
0.88416 -70 -1.45554291902 -1.04827183595
0.88416 -60 -1.47200345725 -1.09532608218
0.88416 -50 -1.48451779727 -1.13242694649
0.88416 -40 -1.49384778609 -1.16096181421
0.88416 -30 -1.50057097661 -1.18205460577
0.88416 -20 -1.50510161471 -1.1965478746
0.88416 -10 -1.50771546263 -1.20501998381
0.88416 0 -1.50856973708 -1.20780727491
0.88416 10 -1.50771546263 -1.20501998381
0.88416 20 -1.50510161472 -1.1965478746
0.88416 30 -1.50057097661 -1.18205460577
0.88416 40 -1.49384778609 -1.16096181421
0.88416 50 -1.48451779727 -1.13242694649
0.88416 60 -1.47200345725 -1.09532608218
0.88416 70 -1.45554291903 -1.04827183595
0.88416 80 -1.43419807634 -0.989751585698
0.88416 90 -1.40696419478 -0.918666072213
0.88416 100 -1.37319574029 -0.836364301048
0.88416 110 -1.33388307944 -0.75413501698
0.88416 120 -1.29380748123 -0.699943388671
0.88416 130 -1.25804380894 -0.677207894036
0.88416 140 -1.21604274089 -0.657509721292
0.88416 150 -1.13836064244 -0.605012287529
0.88416 160 -0.992661909143 -0.484241603277
0.88416 170 -0.786814188639 -0.298434480805
0.92692 -160 -1.11066498884 -0.626335718122
0.92692 -150 -1.19125316365 -0.687683105399
0.92692 -140 -1.24387432736 -0.719424388126
0.92692 -130 -1.27941879539 -0.735797849273
0.92692 -120 -1.31120402284 -0.756723903845
0.92692 -110 -1.34382164118 -0.797942521419
0.92692 -100 -1.37517108533 -0.859378387916
0.92692 -90 -1.4027638363 -0.925903795457
0.92692 -80 -1.42571204169 -0.986884735602
0.92692 -70 -1.44417297219 -1.03893691704
0.92692 -60 -1.45870159805 -1.08176137816
0.92692 -50 -1.46991963124 -1.11604827981
0.92692 -40 -1.47838149235 -1.14269882555
0.92692 -30 -1.48453201957 -1.16254365991
0.92692 -20 -1.4887021399 -1.17624718894
0.92692 -10 -1.49111741655 -1.18428235399
0.92692 0 -1.49190830021 -1.18692980032
0.92692 10 -1.49111741655 -1.18428235399
0.92692 20 -1.48870213989 -1.17624718894
0.92692 30 -1.48453201957 -1.16254365991
0.92692 40 -1.47838149235 -1.14269882555
0.92692 50 -1.46991963124 -1.11604827981
0.92692 60 -1.45870159805 -1.08176137816
0.92692 70 -1.44417297219 -1.03893691704
0.92692 80 -1.42571204169 -0.986884735602
0.92692 90 -1.4027638363 -0.925903795457
0.92692 100 -1.37517108533 -0.859378387916
0.92692 110 -1.34382164118 -0.797942521419
0.92692 120 -1.31120402284 -0.756723903845
0.92692 130 -1.27941879539 -0.735797849273
0.92692 140 -1.24387432736 -0.719424388126
0.92692 150 -1.19125316365 -0.687683105399
0.92692 160 -1.11066498884 -0.626335718122
0.92692 170 -1.0176297791 -0.547428774412
0.96968 -160 -1.18078044988 -0.71986694321
0.96968 -150 -1.22526516255 -0.748989823346
0.96968 -140 -1.26048691934 -0.766579589096
0.96968 -130 -1.28894054415 -0.778664256255
0.96968 -120 -1.31551548566 -0.796031713287
0.96968 -110 -1.34184038606 -0.827483842314
0.96968 -100 -1.36687148657 -0.873582724265
0.96968 -90 -1.3892562668 -0.926147384967
0.96968 -80 -1.4083255775 -0.97701935494
0.96968 -70 -1.42402422357 -1.02215200754
0.96968 -60 -1.43662295058 -1.06027107643
0.96968 -50 -1.44650550124 -1.09134981131
0.96968 -40 -1.45405258363 -1.11581705876
0.96968 -30 -1.45958971 -1.1342001919
0.96968 -20 -1.46336921027 -1.14697211063
0.96968 -10 -1.46556775387 -1.15448960109
0.96968 0 -1.46628920093 -1.15697102464
0.96968 10 -1.46556775387 -1.15448960109
0.96968 20 -1.46336921027 -1.14697211063
0.96968 30 -1.45958971 -1.1342001919
0.96968 40 -1.45405258363 -1.11581705876
0.96968 50 -1.44650550124 -1.09134981131
0.96968 60 -1.43662295058 -1.06027107643
0.96968 70 -1.42402422358 -1.02215200754
0.96968 80 -1.40832557749 -0.97701935494
0.96968 90 -1.3892562668 -0.926147384967
0.96968 100 -1.36687148657 -0.873582724265
0.96968 110 -1.34184038606 -0.827483842314
0.96968 120 -1.31551548566 -0.796031713287
0.96968 130 -1.28894054415 -0.778664256255
0.96968 140 -1.26048691935 -0.766579589096
0.96968 150 -1.22526516255 -0.748989823346
0.96968 160 -1.18078044989 -0.71986694321
0.96968 170 -1.13699983483 -0.686612362989
1.01244 -160 -1.21144414138 -0.772275230442
1.01244 -150 -1.23677461005 -0.784862510533
1.01244 -140 -1.26052094082 -0.79366239605
1.01244 -130 -1.28243781057 -0.801770462242
1.01244 -120 -1.30372830434 -0.815152117126
1.01244 -110 -1.3246588896 -0.838845633103
1.01244 -100 -1.34455029385 -0.873439666688
1.01244 -90 -1.3625838194 -0.914378807863
1.01244 -80 -1.37825750886 -0.9558939023
1.01244 -70 -1.39142871515 -0.99416000234
1.01244 -60 -1.40219620026 -1.02740007896
1.01244 -50 -1.41077488541 -1.05505586339
1.01244 -40 -1.41740914619 -1.07714860774
1.01244 -30 -1.42232414302 -1.09392131476
1.01244 -20 -1.42570284888 -1.1056580114
1.01244 -10 -1.42767734963 -1.11259724069
1.01244 0 -1.42832675527 -1.11489275096
1.01244 10 -1.42767734963 -1.11259724069
1.01244 20 -1.42570284888 -1.1056580114
1.01244 30 -1.42232414301 -1.09392131476
1.01244 40 -1.41740914619 -1.07714860774
1.01244 50 -1.41077488541 -1.05505586339
1.01244 60 -1.40219620026 -1.02740007896
1.01244 70 -1.39142871514 -0.99416000234
1.01244 80 -1.37825750886 -0.9558939023
1.01244 90 -1.3625838194 -0.914378807863
1.01244 100 -1.34455029385 -0.873439666688
1.01244 110 -1.3246588896 -0.838845633103
1.01244 120 -1.30372830434 -0.815152117126
1.01244 130 -1.28243781056 -0.801770462242
1.01244 140 -1.26052094082 -0.79366239605
1.01244 150 -1.23677461005 -0.784862510533
1.01244 160 -1.21144414138 -0.772275230442
1.01244 170 -1.18971851286 -0.758979613343
1.0552 -160 -1.20739336967 -0.787632479903
1.0552 -150 -1.22251809409 -0.792034339525
1.0552 -140 -1.23868277348 -0.795636378431
1.0552 -130 -1.25506343599 -0.800475551777
1.0552 -120 -1.27155445116 -0.810090041245
1.0552 -110 -1.28789278313 -0.827523269269
1.0552 -100 -1.3035406998 -0.853299157806
1.0552 -90 -1.31793259458 -0.884805104771
1.0552 -80 -1.33067316287 -0.918082518066
1.0552 -70 -1.34158536326 -0.94989816041
1.0552 -60 -1.35066518116 -0.978343030941
1.0552 -50 -1.35801121835 -1.00252890437
1.0552 -40 -1.36376483488 -1.02216270874
1.0552 -30 -1.36807025 -1.03724313939
1.0552 -20 -1.37105181887 -1.04788133101
1.0552 -10 -1.37280270066 -1.05420326804
1.0552 0 -1.37337994339 -1.05629975115
1.0552 10 -1.37280270066 -1.05420326804
1.0552 20 -1.37105181888 -1.04788133101
1.0552 30 -1.36807025 -1.03724313939
1.0552 40 -1.36376483488 -1.02216270874
1.0552 50 -1.35801121835 -1.00252890437
1.0552 60 -1.35066518116 -0.978343030941
1.0552 70 -1.34158536326 -0.94989816041
1.0552 80 -1.33067316288 -0.918082518066
1.0552 90 -1.31793259458 -0.884805104771
1.0552 100 -1.3035406998 -0.853299157806
1.0552 110 -1.28789278313 -0.827523269269
1.0552 120 -1.27155445116 -0.810090041245
1.0552 130 -1.25506343599 -0.800475551777
1.0552 140 -1.23868277348 -0.795636378431
1.0552 150 -1.22251809409 -0.792034339525
1.0552 160 -1.20739336967 -0.787632479903
1.0552 170 -1.19584297623 -0.78313215461
1.09796 -160 -1.16796534519 -0.765185782666
1.09796 -150 -1.17737269026 -0.765628080385
1.09796 -140 -1.18838776486 -0.766199937985
1.09796 -130 -1.20030048862 -0.768493301631
1.09796 -120 -1.21269700761 -0.774835085037
1.09796 -110 -1.22518285083 -0.787224723588
1.09796 -100 -1.23730916583 -0.80614362067
1.09796 -90 -1.24864572474 -0.830073816021
1.09796 -80 -1.25886687347 -0.856325488477
1.09796 -70 -1.26778532402 -0.882320963301
1.09796 -60 -1.27533657946 -0.906247094601
1.09796 -50 -1.28154070657 -0.927058227765
1.09796 -40 -1.28646322835 -0.944246107346
1.09796 -30 -1.29018496055 -0.957616484093
1.09796 -20 -1.29278220962 -0.967132770206
1.09796 -10 -1.29431518407 -0.97282011772
1.09796 0 -1.294821866 -0.97471135587
1.09796 10 -1.29431518408 -0.97282011772
1.09796 20 -1.29278220963 -0.967132770206
1.09796 30 -1.29018496055 -0.957616484093
1.09796 40 -1.28646322835 -0.944246107346
1.09796 50 -1.28154070657 -0.927058227765
1.09796 60 -1.27533657946 -0.906247094601
1.09796 70 -1.26778532402 -0.882320963301
1.09796 80 -1.25886687348 -0.856325488477
1.09796 90 -1.24864572474 -0.830073816021
1.09796 100 -1.23730916584 -0.80614362067
1.09796 110 -1.22518285083 -0.787224723588
1.09796 120 -1.21269700762 -0.774835085037
1.09796 130 -1.20030048862 -0.768493301631
1.09796 140 -1.18838776486 -0.766199937985
1.09796 150 -1.17737269026 -0.765628080385
1.09796 160 -1.16796534519 -0.765185782666
1.09796 170 -1.1613799841 -0.764526954971
1.14072 -160 -1.08670607671 -0.698739490802
1.14072 -150 -1.09266663912 -0.697276341488
1.14072 -140 -1.10008787438 -0.696057618113
1.14072 -130 -1.10850767542 -0.696421420061
1.14072 -120 -1.11755042889 -0.70006305651
1.14072 -110 -1.12685860209 -0.708427213898
1.14072 -100 -1.13606956903 -0.721981916228
1.14072 -90 -1.14484467498 -0.739860823638
1.14072 -80 -1.15291117077 -0.76024519988
1.14072 -70 -1.16008511812 -0.781145654551
1.14072 -60 -1.16626851822 -0.800955373477
1.14072 -50 -1.17142996786 -0.818596355198
1.14072 -40 -1.17558061715 -0.833433821736
1.14072 -30 -1.17875289788 -0.84513399536
1.14072 -20 -1.18098474147 -0.853542286627
1.14072 -10 -1.18230917126 -0.858598574497
1.14072 0 -1.18274810487 -0.860285034495
1.14072 10 -1.18230917126 -0.858598574497
1.14072 20 -1.18098474147 -0.853542286627
1.14072 30 -1.17875289787 -0.84513399536
1.14072 40 -1.17558061715 -0.833433821736
1.14072 50 -1.17142996786 -0.818596355198
1.14072 60 -1.16626851822 -0.800955373477
1.14072 70 -1.16008511811 -0.781145654551
1.14072 80 -1.15291117077 -0.76024519988
1.14072 90 -1.14484467498 -0.739860823638
1.14072 100 -1.13606956902 -0.721981916228
1.14072 110 -1.12685860209 -0.708427213898
1.14072 120 -1.11755042889 -0.70006305651
1.14072 130 -1.10850767542 -0.696421420061
1.14072 140 -1.10008787438 -0.696057618113
1.14072 150 -1.09266663912 -0.697276341488
1.14072 160 -1.08670607671 -0.698739490802
1.14072 170 -1.08277214273 -0.69973559609
1.18348 -160 -0.950089073985 -0.575056161293
1.18348 -150 -0.953837686148 -0.572662887145
1.18348 -140 -0.958714877363 -0.570357215103
1.18348 -130 -0.964468641968 -0.569286308813
1.18348 -120 -0.970845017545 -0.57078195531
1.18348 -110 -0.977579136575 -0.575977091398
1.18348 -100 -0.984397361651 -0.585340633213
1.18348 -90 -0.991037193902 -0.598412912991
1.18348 -80 -0.997273079987 -0.61397453042
1.18348 -70 -1.00293391737 -0.63052014866
1.18348 -60 -1.007906532 -0.646684517773
1.18348 -50 -1.01212781408 -0.661436070448
1.18348 -40 -1.01557141579 -0.674083506113
1.18348 -30 -1.01823398677 -0.684202160636
1.18348 -20 -1.02012365225 -0.691549531632
1.18348 -10 -1.02125157972 -0.695997345944
1.18348 0 -1.02162648079 -0.697485695584
1.18348 10 -1.02125157972 -0.695997345944
1.18348 20 -1.02012365225 -0.691549531632
1.18348 30 -1.01823398677 -0.684202160636
1.18348 40 -1.01557141579 -0.674083506113
1.18348 50 -1.01212781408 -0.661436070448
1.18348 60 -1.007906532 -0.646684517773
1.18348 70 -1.00293391737 -0.63052014866
1.18348 80 -0.997273079985 -0.61397453042
1.18348 90 -0.991037193902 -0.598412912991
1.18348 100 -0.984397361652 -0.585340633213
1.18348 110 -0.977579136575 -0.575977091398
1.18348 120 -0.970845017546 -0.57078195531
1.18348 130 -0.964468641972 -0.569286308813
1.18348 140 -0.958714877361 -0.570357215103
1.18348 150 -0.953837686148 -0.572662887145
1.18348 160 -0.950089073985 -0.575056161293
1.18348 170 -0.947711823933 -0.576759295464
1.22624 -160 -0.733644825937 -0.369850887239
1.22624 -150 -0.735922321608 -0.366997770189
1.22624 -140 -0.738996289479 -0.364022160694
1.22624 -130 -0.742757573966 -0.361909590983
1.22624 -120 -0.747067380539 -0.361754695466
1.22624 -110 -0.751757830123 -0.364497733689
1.22624 -100 -0.756639889684 -0.370610054191
1.22624 -90 -0.761519470621 -0.379894279444
1.22624 -80 -0.766216424109 -0.391547309795
1.22624 -70 -0.770579510996 -0.404446195156
1.22624 -60 -0.774493426567 -0.417461598739
1.22624 -50 -0.77787811486 -0.429650714525
1.22624 -40 -0.780683071373 -0.440315392925
1.22624 -30 -0.782879668677 -0.448980031528
1.22624 -20 -0.784453699887 -0.455341499155
1.22624 -10 -0.785399293809 -0.45922004675
1.22624 0 -0.785714605236 -0.46052245124
1.22624 10 -0.785399293808 -0.45922004675
1.22624 20 -0.784453699885 -0.455341499155
1.22624 30 -0.782879668678 -0.448980031528
1.22624 40 -0.780683071373 -0.440315392925
1.22624 50 -0.77787811486 -0.429650714525
1.22624 60 -0.774493426568 -0.417461598739
1.22624 70 -0.770579510995 -0.404446195156
1.22624 80 -0.766216424108 -0.391547309795
1.22624 90 -0.761519470621 -0.379894279444
1.22624 100 -0.756639889683 -0.370610054191
1.22624 110 -0.751757830122 -0.364497733689
1.22624 120 -0.747067380538 -0.361754695466
1.22624 130 -0.742757573966 -0.361909590983
1.22624 140 -0.738996289479 -0.364022160694
1.22624 150 -0.735922321611 -0.366997770189
1.22624 160 -0.733644825936 -0.369850887239
1.22624 170 -0.732244453208 -0.371850508677
1.269 -160 -0.392423324865 -0.0382818323475
1.269 -150 -0.393711623218 -0.0352140267924
1.269 -140 -0.395519507823 -0.0318370309083
1.269 -130 -0.397824528035 -0.0289964046341
1.269 -120 -0.400573239108 -0.0276144409788
1.269 -110 -0.403678387774 -0.0284986878444
1.269 -100 -0.407023894653 -0.0321183925902
1.269 -90 -0.410476287268 -0.0384485660291
1.269 -80 -0.413899004923 -0.0469783363756
1.269 -70 -0.417165357776 -0.0568808053584
1.269 -60 -0.42016722216 -0.0672380068543
1.269 -50 -0.422818703817 -0.0772129240683
1.269 -40 -0.425055704058 -0.0861319932985
1.269 -30 -0.426833028414 -0.0934984667747
1.269 -20 -0.42812058183 -0.0989710513354
1.269 -10 -0.42889973838 -0.102333200663
1.269 0 -0.429160501761 -0.103466434098
1.269 10 -0.428899738377 -0.102333200663
1.269 20 -0.42812058183 -0.0989710513354
1.269 30 -0.426833028414 -0.0934984667747
1.269 40 -0.425055704058 -0.0861319932985
1.269 50 -0.422818703815 -0.0772129240683
1.269 60 -0.42016722216 -0.0672380068543
1.269 70 -0.417165357776 -0.0568808053584
1.269 80 -0.413899004921 -0.0469783363756
1.269 90 -0.410476287268 -0.0384485660291
1.269 100 -0.407023894654 -0.0321183925902
1.269 110 -0.403678387775 -0.0284986878444
1.269 120 -0.400573239108 -0.0276144409788
1.269 130 -0.397824528034 -0.0289964046341
1.269 140 -0.395519507827 -0.0318370309083
1.269 150 -0.393711623218 -0.0352140267924
1.269 160 -0.392423324865 -0.0382818323475
1.269 170 -0.391655588952 -0.0403900437341
1.31176 -160 0.163376834473 0.509351748969
1.31176 -150 0.162747714265 0.512489950006
1.31176 -140 0.161811244148 0.516081350245
1.31176 -130 0.160542441138 0.519401219771
1.31176 -120 0.158939644051 0.521661457283
1.31176 -110 0.157031401226 0.522154291436
1.31176 -100 0.154876272607 0.520418040404
1.31176 -90 0.152556604984 0.516363179835
1.31176 -80 0.150168743307 0.510293283708
1.31176 -70 0.147812581701 0.502808240293
1.31176 -60 0.145582791133 0.494645682206
1.31176 -50 0.143562915216 0.486535816392
1.31176 -40 0.141822394714 0.479110835092
1.31176 -30 0.140415867761 0.472868786937
1.31176 -20 0.139383850062 0.468172451671
1.31176 -10 0.138753986684 0.465263537563
1.31176 0 0.138542287357 0.464279134836
1.31176 10 0.138753986684 0.465263537563
1.31176 20 0.139383850064 0.468172451671
1.31176 30 0.140415867759 0.472868786937
1.31176 40 0.141822394716 0.479110835092
1.31176 50 0.143562915216 0.486535816392
1.31176 60 0.145582791131 0.494645682206
1.31176 70 0.147812581701 0.502808240293
1.31176 80 0.150168743308 0.510293283708
1.31176 90 0.152556604987 0.516363179835
1.31176 100 0.154876272608 0.520418040404
1.31176 110 0.157031401227 0.522154291436
1.31176 120 0.158939644051 0.521661457283
1.31176 130 0.160542441138 0.519401219771
1.31176 140 0.161811244148 0.516081350245
1.31176 150 0.162747714263 0.512489950006
1.31176 160 0.163376834472 0.509351748969
1.31176 170 0.163733943147 0.507232244473
1.35452 -160 1.14184348151 1.48100517709
1.35452 -150 1.14164215886 1.48412170694
1.35452 -140 1.14128732903 1.48779440352
1.35452 -130 1.14073196503 1.49140225668
1.35452 -120 1.13994329199 1.49426549587
1.35452 -110 1.13891160135 1.4957554333
1.35452 -100 1.13765373094 1.49542178126
1.35452 -90 1.13621140199 1.49309805268
1.35452 -80 1.13464575235 1.48893886263
1.35452 -70 1.13302992734 1.4833704431
1.35452 -60 1.13144149986 1.47698113011
1.35452 -50 1.12995596143 1.4704024844
1.35452 -40 1.12864186134 1.46421940503
1.35452 -30 1.12755760655 1.45892018825
1.35452 -20 1.12674961026 1.45487839484
1.35452 -10 1.1262513604 1.45235286564
1.35452 0 1.12608303279 1.45149453132
1.35452 10 1.1262513604 1.45235286564
1.35452 20 1.12674961026 1.45487839484
1.35452 30 1.12755760655 1.45892018825
1.35452 40 1.12864186134 1.46421940503
1.35452 50 1.12995596142 1.4704024844
1.35452 60 1.13144149986 1.47698113011
1.35452 70 1.13302992734 1.4833704431
1.35452 80 1.13464575235 1.48893886263
1.35452 90 1.13621140199 1.49309805268
1.35452 100 1.13765373094 1.49542178126
1.35452 110 1.13891160135 1.4957554333
1.35452 120 1.13994329199 1.49426549587
1.35452 130 1.14073196503 1.49140225668
1.35452 140 1.14128732903 1.48779440352
1.35452 150 1.14164215886 1.48412170694
1.35452 160 1.14184348151 1.48100517709
1.35452 170 1.14193980881 1.47893077396
