0.2 -160 -0.242956896835 0.108392190117
0.2 -150 -0.244001913799 0.111495411339
0.2 -140 -0.245491086805 0.114959113966
0.2 -130 -0.247420813458 0.117978727524
0.2 -120 -0.249758493376 0.119678666121
0.2 -110 -0.252438234122 0.119286399472
0.2 -100 -0.255364283339 0.11633457377
0.2 -90 -0.258420777974 0.110806049811
0.2 -80 -0.261484591165 0.103136998468
0.2 -70 -0.264437552073 0.0940743111013
0.2 -60 -0.267175327455 0.0844742704324
0.2 -50 -0.269612013965 0.0751389753055
0.2 -40 -0.271680989169 0.0667298742552
0.2 -30 -0.273333304574 0.0597458507711
0.2 -20 -0.27453495061 0.0545366646084
0.2 -10 -0.275264009066 0.0513280877507
0.2 0 -0.275508322934 0.0502452500475
0.2 10 -0.275264009066 0.0513280877507
0.2 20 -0.27453495061 0.0545366646084
0.2 30 -0.273333304575 0.0597458507711
0.2 40 -0.27168098917 0.0667298742552
0.2 50 -0.269612013965 0.0751389753055
0.2 60 -0.267175327453 0.0844742704324
0.2 70 -0.264437552072 0.0940743111013
0.2 80 -0.261484591166 0.103136998468
0.2 90 -0.258420777975 0.110806049811
0.2 100 -0.255364283338 0.11633457377
0.2 110 -0.252438234121 0.119286399472
0.2 120 -0.249758493376 0.119678666121
0.2 130 -0.247420813458 0.117978727524
0.2 140 -0.245491086806 0.114959113966
0.2 150 -0.244001913799 0.111495411339
0.2 160 -0.242956896835 0.108392190117
0.2 170 -0.242341789228 0.106272227962
0.32828 -160 -1.04956689135 -0.665968622759
0.32828 -150 -1.05470943478 -0.664131129626
0.32828 -140 -1.0612126188 -0.662502343858
0.32828 -130 -1.06868920733 -0.662354443812
0.32828 -120 -1.07680019161 -0.665245302222
0.32828 -110 -1.0852151979 -0.672500213187
0.32828 -100 -1.09360027847 -0.684586670775
0.32828 -90 -1.1016424131 -0.700790181624
0.32828 -80 -1.10908440693 -0.719510141243
0.32828 -70 -1.11574555647 -0.738925101019
0.32828 -60 -1.12152126296 -0.757504900596
0.32828 -50 -1.1263680079 -0.77417990371
0.32828 -40 -1.13028318447 -0.788290433074
0.32828 -30 -1.13328640712 -0.7994684289
0.32828 -20 -1.13540510536 -0.807527723198
0.32828 -10 -1.13666469048 -0.812384313589
0.32828 0 -1.13708251488 -0.814005827447
0.32828 10 -1.13666469048 -0.812384313589
0.32828 20 -1.13540510536 -0.807527723198
0.32828 30 -1.13328640712 -0.7994684289
0.32828 40 -1.13028318447 -0.788290433074
0.32828 50 -1.1263680079 -0.77417990371
0.32828 60 -1.12152126296 -0.757504900596
0.32828 70 -1.11574555647 -0.738925101019
0.32828 80 -1.10908440693 -0.719510141243
0.32828 90 -1.1016424131 -0.700790181624
0.32828 100 -1.09360027847 -0.684586670775
0.32828 110 -1.0852151979 -0.672500213187
0.32828 120 -1.07680019161 -0.665245302222
0.32828 130 -1.06868920733 -0.662354443812
0.32828 140 -1.0612126188 -0.662502343858
0.32828 150 -1.05470943478 -0.664131129626
0.32828 160 -1.04956689135 -0.665968622759
0.32828 170 -1.04622152215 -0.667261256922
0.45656 -160 -1.21384997404 -0.781215209453
0.45656 -150 -1.23518297302 -0.790498526382
0.45656 -140 -1.25614102004 -0.797307188209
0.45656 -130 -1.27615358061 -0.804277780057
0.45656 -120 -1.29582643822 -0.81640098773
0.45656 -110 -1.31519042079 -0.837926513897
0.45656 -100 -1.33362437274 -0.869422769468
0.45656 -90 -1.35041166824 -0.90709289737
0.45656 -80 -1.36509036703 -0.945818437441
0.45656 -70 -1.37750288846 -0.981944147718
0.45656 -60 -1.38770885425 -1.01361682415
0.45656 -50 -1.39588069395 -1.04015042648
0.45656 -40 -1.40222618344 -1.06145387146
0.45656 -30 -1.40694230356 -1.07768618932
0.45656 -20 -1.41019192112 -1.08907332691
0.45656 -10 -1.41209391024 -1.09581654744
0.45656 0 -1.41271994387 -1.09804892535
0.45656 10 -1.41209391024 -1.09581654744
0.45656 20 -1.41019192113 -1.08907332691
0.45656 30 -1.40694230357 -1.07768618932
0.45656 40 -1.40222618345 -1.06145387146
0.45656 50 -1.39588069395 -1.04015042648
0.45656 60 -1.38770885425 -1.01361682415
0.45656 70 -1.37750288846 -0.981944147718
0.45656 80 -1.36509036703 -0.945818437441
0.45656 90 -1.35041166824 -0.90709289737
0.45656 100 -1.33362437273 -0.869422769468
0.45656 110 -1.31519042079 -0.837926513897
0.45656 120 -1.29582643821 -0.81640098773
0.45656 130 -1.27615358061 -0.804277780057
0.45656 140 -1.25614102004 -0.797307188209
0.45656 150 -1.23518297302 -0.790498526382
0.45656 160 -1.21384997404 -0.781215209453
0.45656 170 -1.19627418078 -0.771575871108
0.58484 -160 -1.03648308917 -0.535856379867
0.58484 -150 -1.15715992164 -0.633639796343
0.58484 -140 -1.2258829712 -0.678718223724
0.58484 -130 -1.26598446704 -0.697584280231
0.58484 -120 -1.30070638655 -0.720050557248
0.58484 -110 -1.33821514085 -0.769571274296
0.58484 -100 -1.37473990214 -0.844388553405
0.58484 -90 -1.40640897247 -0.921480204338
0.58484 -80 -1.43222753548 -0.989368074111
0.58484 -70 -1.45264027059 -1.0458852602
0.58484 -60 -1.46848585588 -1.09164564237
0.58484 -50 -1.48059201922 -1.12789231585
0.58484 -40 -1.48965077768 -1.15585806464
0.58484 -30 -1.49619604752 -1.17657520615
0.58484 -20 -1.5006151113 -1.19083128007
0.58484 -10 -1.50316765663 -1.1991723318
0.58484 0 -1.5040023848 -1.20191770447
0.58484 10 -1.50316765664 -1.1991723318
0.58484 20 -1.5006151113 -1.19083128007
0.58484 30 -1.49619604752 -1.17657520615
0.58484 40 -1.48965077768 -1.15585806464
0.58484 50 -1.48059201922 -1.12789231585
0.58484 60 -1.46848585588 -1.09164564237
0.58484 70 -1.45264027059 -1.0458852602
0.58484 80 -1.43222753548 -0.989368074111
0.58484 90 -1.40640897247 -0.921480204338
0.58484 100 -1.37473990214 -0.844388553405
0.58484 110 -1.33821514085 -0.769571274296
0.58484 120 -1.30070638655 -0.720050557248
0.58484 130 -1.26598446704 -0.697584280231
0.58484 140 -1.2258829712 -0.678718223724
0.58484 150 -1.15715992164 -0.633639796343
0.58484 160 -1.03648308916 -0.535856379867
0.58484 170 -0.877787992852 -0.395010773022
0.71312 -160 -0.522055883867 0.0452299034487
0.71312 -150 -0.986308977925 -0.379870641715
0.71312 -140 -1.14252922507 -0.492244819333
0.71312 -130 -1.18357825899 -0.48893288537
0.71312 -120 -1.19807860098 -0.474385476599
0.71312 -110 -1.27793656637 -0.629013658025
0.71312 -100 -1.34853346943 -0.781077137322
0.71312 -90 -1.39949142991 -0.896977810596
0.71312 -80 -1.4365375272 -0.986259386928
0.71312 -70 -1.46376811717 -1.05554906132
0.71312 -60 -1.48389756496 -1.10934527527
0.71312 -50 -1.49875930885 -1.1508123118
0.71312 -40 -1.5096108059 -1.18222002858
0.71312 -30 -1.51731506263 -1.20519333591
0.71312 -20 -1.5224537756 -1.22086755222
0.71312 -10 -1.52539927372 -1.22999001542
0.71312 0 -1.52635891854 -1.23298499532
0.71312 10 -1.52539927372 -1.22999001542
0.71312 20 -1.5224537756 -1.22086755222
0.71312 30 -1.51731506264 -1.20519333591
0.71312 40 -1.5096108059 -1.18222002858
0.71312 50 -1.49875930885 -1.1508123118
0.71312 60 -1.48389756496 -1.10934527527
0.71312 70 -1.46376811717 -1.05554906132
0.71312 80 -1.4365375272 -0.986259386928
0.71312 90 -1.39949142991 -0.896977810596
0.71312 100 -1.34853346943 -0.781077137322
0.71312 110 -1.27793656637 -0.629013658025
0.71312 120 -1.19807860099 -0.474385476599
0.71312 130 -1.18357825899 -0.48893288537
0.71312 140 -1.14252922507 -0.492244819333
0.71312 150 -0.986308977921 -0.379870641715
0.71312 160 -0.522055883866 0.0452299034487
0.71312 170 1.06553512893 1.59977861912
0.8414 -160 -0.822887299503 -0.290445684478
0.8414 -150 -1.07412840873 -0.509827543291
0.8414 -140 -1.18360685582 -0.588216076482
0.8414 -130 -1.22922801845 -0.607381686969
0.8414 -120 -1.26546019474 -0.627533416215
0.8414 -110 -1.31503287931 -0.701377083507
0.8414 -100 -1.36462046434 -0.810871374886
0.8414 -90 -1.40538457745 -0.908937285768
0.8414 -80 -1.43700128135 -0.989001238666
0.8414 -70 -1.46110117416 -1.05295612503
0.8414 -60 -1.47932551536 -1.10345490553
0.8414 -50 -1.49298724481 -1.14280344365
0.8414 -40 -1.50306912838 -1.17282452672
0.8414 -30 -1.51028076525 -1.19489335248
0.8414 -20 -1.51511567099 -1.21000087391
0.8414 -10 -1.51789599088 -1.21881169406
0.8414 0 -1.51880323628 -1.22170721789
0.8414 10 -1.51789599088 -1.21881169406
0.8414 20 -1.51511567099 -1.21000087391
0.8414 30 -1.51028076525 -1.19489335248
0.8414 40 -1.50306912838 -1.17282452672
0.8414 50 -1.49298724481 -1.14280344365
0.8414 60 -1.47932551536 -1.10345490553
0.8414 70 -1.46110117416 -1.05295612503
0.8414 80 -1.43700128135 -0.989001238666
0.8414 90 -1.40538457745 -0.908937285768
0.8414 100 -1.36462046434 -0.810871374886
0.8414 110 -1.31503287931 -0.701377083507
0.8414 120 -1.26546019475 -0.627533416215
0.8414 130 -1.22922801845 -0.607381686969
0.8414 140 -1.18360685582 -0.588216076482
0.8414 150 -1.07412840873 -0.509827543291
0.8414 160 -0.822887299504 -0.290445684478
0.8414 170 -0.354854925624 0.149393320412
0.96968 -160 -1.18078044989 -0.71986694321
0.96968 -150 -1.22526516255 -0.748989823346
0.96968 -140 -1.26048691934 -0.766579589096
0.96968 -130 -1.28894054415 -0.778664256255
0.96968 -120 -1.31551548566 -0.796031713287
0.96968 -110 -1.34184038606 -0.827483842314
0.96968 -100 -1.36687148657 -0.873582724265
0.96968 -90 -1.3892562668 -0.926147384967
0.96968 -80 -1.40832557749 -0.97701935494
0.96968 -70 -1.42402422357 -1.02215200754
0.96968 -60 -1.43662295058 -1.06027107643
0.96968 -50 -1.44650550124 -1.09134981131
0.96968 -40 -1.45405258363 -1.11581705876
0.96968 -30 -1.45958971 -1.1342001919
0.96968 -20 -1.46336921027 -1.14697211063
0.96968 -10 -1.46556775387 -1.15448960109
0.96968 0 -1.46628920093 -1.15697102464
0.96968 10 -1.46556775387 -1.15448960109
0.96968 20 -1.46336921027 -1.14697211063
0.96968 30 -1.45958971 -1.1342001919
0.96968 40 -1.45405258363 -1.11581705876
0.96968 50 -1.44650550124 -1.09134981131
0.96968 60 -1.43662295058 -1.06027107643
0.96968 70 -1.42402422358 -1.02215200754
0.96968 80 -1.40832557749 -0.97701935494
0.96968 90 -1.3892562668 -0.926147384967
0.96968 100 -1.36687148657 -0.873582724265
0.96968 110 -1.34184038606 -0.827483842314
0.96968 120 -1.31551548566 -0.796031713287
0.96968 130 -1.28894054415 -0.778664256255
0.96968 140 -1.26048691934 -0.766579589096
0.96968 150 -1.22526516255 -0.748989823346
0.96968 160 -1.18078044988 -0.71986694321
0.96968 170 -1.13699983483 -0.686612362989
1.09796 -160 -1.16796534519 -0.765185782666
1.09796 -150 -1.17737269026 -0.765628080385
1.09796 -140 -1.18838776486 -0.766199937985
1.09796 -130 -1.20030048863 -0.768493301631
1.09796 -120 -1.21269700761 -0.774835085037
1.09796 -110 -1.22518285083 -0.787224723588
1.09796 -100 -1.23730916583 -0.80614362067
1.09796 -90 -1.24864572474 -0.830073816021
1.09796 -80 -1.25886687347 -0.856325488477
1.09796 -70 -1.26778532402 -0.882320963301
1.09796 -60 -1.27533657946 -0.906247094601
1.09796 -50 -1.28154070657 -0.927058227765
1.09796 -40 -1.28646322835 -0.944246107346
1.09796 -30 -1.29018496056 -0.957616484093
1.09796 -20 -1.29278220963 -0.967132770206
1.09796 -10 -1.29431518407 -0.97282011772
1.09796 0 -1.294821866 -0.97471135587
1.09796 10 -1.29431518407 -0.97282011772
1.09796 20 -1.29278220962 -0.967132770206
1.09796 30 -1.29018496056 -0.957616484093
1.09796 40 -1.28646322835 -0.944246107346
1.09796 50 -1.28154070657 -0.927058227765
1.09796 60 -1.27533657946 -0.906247094601
1.09796 70 -1.26778532402 -0.882320963301
1.09796 80 -1.25886687347 -0.856325488477
1.09796 90 -1.24864572474 -0.830073816021
1.09796 100 -1.23730916583 -0.80614362067
1.09796 110 -1.22518285083 -0.787224723588
1.09796 120 -1.21269700761 -0.774835085037
1.09796 130 -1.20030048862 -0.768493301631
1.09796 140 -1.18838776486 -0.766199937985
1.09796 150 -1.17737269026 -0.765628080385
1.09796 160 -1.16796534519 -0.765185782666
1.09796 170 -1.1613799841 -0.764526954971
1.22624 -160 -0.733644825936 -0.369850887239
1.22624 -150 -0.735922321611 -0.366997770189
1.22624 -140 -0.73899628948 -0.364022160694
1.22624 -130 -0.742757573964 -0.361909590983
1.22624 -120 -0.747067380541 -0.361754695466
1.22624 -110 -0.751757830124 -0.364497733689
1.22624 -100 -0.756639889681 -0.370610054191
1.22624 -90 -0.761519470621 -0.379894279444
1.22624 -80 -0.766216424108 -0.391547309795
1.22624 -70 -0.770579510995 -0.404446195156
1.22624 -60 -0.774493426569 -0.417461598739
1.22624 -50 -0.777878114861 -0.429650714525
1.22624 -40 -0.780683071373 -0.440315392925
1.22624 -30 -0.782879668677 -0.448980031528
1.22624 -20 -0.784453699887 -0.455341499155
1.22624 -10 -0.785399293808 -0.45922004675
1.22624 0 -0.785714605235 -0.46052245124
1.22624 10 -0.785399293808 -0.45922004675
1.22624 20 -0.784453699887 -0.455341499155
1.22624 30 -0.782879668678 -0.448980031528
1.22624 40 -0.780683071373 -0.440315392925
1.22624 50 -0.777878114861 -0.429650714525
1.22624 60 -0.774493426567 -0.417461598739
1.22624 70 -0.770579510995 -0.404446195156
1.22624 80 -0.766216424108 -0.391547309795
1.22624 90 -0.761519470621 -0.379894279444
1.22624 100 -0.756639889684 -0.370610054191
1.22624 110 -0.751757830122 -0.364497733689
1.22624 120 -0.74706738054 -0.361754695466
1.22624 130 -0.742757573966 -0.361909590983
1.22624 140 -0.738996289479 -0.364022160694
1.22624 150 -0.735922321612 -0.366997770189
1.22624 160 -0.733644825936 -0.369850887239
1.22624 170 -0.732244453208 -0.371850508677
1.35452 -160 1.14184348151 1.48100517709
1.35452 -150 1.14164215886 1.48412170694
1.35452 -140 1.14128732903 1.48779440352
1.35452 -130 1.14073196503 1.49140225668
1.35452 -120 1.13994329199 1.49426549587
1.35452 -110 1.13891160135 1.4957554333
1.35452 -100 1.13765373094 1.49542178126
1.35452 -90 1.13621140199 1.49309805268
1.35452 -80 1.13464575235 1.48893886263
1.35452 -70 1.13302992734 1.4833704431
1.35452 -60 1.13144149986 1.47698113011
1.35452 -50 1.12995596143 1.4704024844
1.35452 -40 1.12864186134 1.46421940503
1.35452 -30 1.12755760655 1.45892018825
1.35452 -20 1.12674961026 1.45487839484
1.35452 -10 1.1262513604 1.45235286564
1.35452 0 1.12608303279 1.45149453132
1.35452 10 1.1262513604 1.45235286564
1.35452 20 1.12674961026 1.45487839484
1.35452 30 1.12755760655 1.45892018825
1.35452 40 1.12864186134 1.46421940503
1.35452 50 1.12995596143 1.4704024844
1.35452 60 1.13144149986 1.47698113011
1.35452 70 1.13302992734 1.4833704431
1.35452 80 1.13464575235 1.48893886263
1.35452 90 1.13621140199 1.49309805268
1.35452 100 1.13765373094 1.49542178126
1.35452 110 1.13891160134 1.4957554333
1.35452 120 1.13994329199 1.49426549587
1.35452 130 1.14073196503 1.49140225668
1.35452 140 1.14128732903 1.48779440352
1.35452 150 1.14164215886 1.48412170694
1.35452 160 1.14184348151 1.48100517709
1.35452 170 1.14193980881 1.47893077396
