0.2 0 -0.309098684923 0.00536900091641
0.2 10 -0.309098634202 0.00537701071745
0.2 20 -0.309098484205 0.00540026433281
0.2 30 -0.309098241609 0.00543648335796
0.2 40 -0.309097918052 0.00548203538929
0.2 50 -0.309097530754 0.00553218668121
0.2 60 -0.309097103027 0.00558146329405
0.2 70 -0.309096664353 0.00562412079742
0.2 80 -0.309096249499 0.00565471223113
0.238 0 -0.686851753091 -0.372004929992
0.238 10 -0.686851694854 -0.371995350017
0.238 20 -0.686851521889 -0.371967500861
0.238 30 -0.6868512397 -0.371924006674
0.238 40 -0.686850858309 -0.371869077199
0.238 50 -0.68685039339 -0.371808251169
0.238 60 -0.686849867559 -0.371748018511
0.238 70 -0.686849311338 -0.371695310654
0.238 80 -0.686848763251 -0.371656857224
0.276 0 -0.945654848244 -0.6303627213
0.276 10 -0.945654781225 -0.630351316927
0.276 20 -0.945654581365 -0.630318120892
0.276 30 -0.945654252616 -0.630266138503
0.276 40 -0.945653802716 -0.63020022043
0.276 50 -0.945653244855 -0.63012680862
0.276 60 -0.945652599753 -0.630053549628
0.276 70 -0.945651897742 -0.629988752
0.276 80 -0.945651180125 -0.629940670155
0.314 0 -1.12900415227 -0.813200298328
0.314 10 -1.12900407509 -0.813186821943
0.314 20 -1.12900384404 -0.813147544053
0.314 30 -1.12900346106 -0.81308587659
0.314 40 -1.12900293075 -0.813007359832
0.314 50 -1.12900226261 -0.812919419917
0.314 60 -1.12900147387 -0.812830985301
0.314 70 -1.12900059283 -0.812751924054
0.314 80 -1.12899966183 -0.8126922646
0.352 0 -1.26185897438 -0.945476351732
0.352 10 -1.26185888555 -0.945460562588
0.352 20 -1.26185861865 -0.945414485061
0.352 30 -1.26185817301 -0.945341953305
0.352 40 -1.26185754914 -0.945249230692
0.352 50 -1.26185675127 -0.945144790341
0.352 60 -1.26185579106 -0.945038950471
0.352 70 -1.26185469224 -0.944943310464
0.352 80 -1.26185349551 -0.944869926343
0.39 0 -1.35954196661 -1.04251244581
0.39 10 -1.35954186449 -1.04249411001
0.39 20 -1.35954155666 -1.04244053227
0.39 30 -1.35954103917 -1.04235597481
0.39 40 -1.35954030719 -1.04224744219
0.39 50 -1.35953935786 -1.04212449816
0.39 60 -1.35953819462 -1.04199893921
0.39 70 -1.35953683322 -1.04188425419
0.39 80 -1.35953530876 -1.04179478189
0.428 0 -1.43193871628 -1.1141925842
0.428 10 -1.43193859913 -1.11417147445
0.428 20 -1.43193824484 -1.11410971249
0.428 30 -1.43193764545 -1.1140119847
0.428 40 -1.43193678937 -1.11388603943
0.428 50 -1.43193566438 -1.1137425546
0.428 60 -1.43193426246 -1.11359487202
0.428 70 -1.43193258695 -1.11345851155
0.428 80 -1.43193066193 -1.11335034834
0.466 0 -1.48567926738 -1.16714479669
0.466 10 -1.48567913328 -1.16712069191
0.466 20 -1.48567872656 -1.16705007708
0.466 30 -1.4856780343 -1.1669380493
0.466 40 -1.48567703653 -1.1667930873
0.466 50 -1.48567570902 -1.1666269857
0.466 60 -1.48567402831 -1.16645467502
0.466 70 -1.48567197976 -1.16629382765
0.466 80 -1.48566956913 -1.16616410377
0.504 0 -1.52535869138 -1.20596184753
0.504 10 -1.52535853829 -1.20593453227
0.504 20 -1.52535807262 -1.20585440969
0.504 30 -1.52535727556 -1.20572696434
0.504 40 -1.52535611683 -1.20556137585
0.504 50 -1.52535455708 -1.2053705356
0.504 60 -1.52535255266 -1.20517098018
0.504 70 -1.52535006403 -1.20498263219
0.504 80 -1.5253470691 -1.20482817691
0.542 0 -1.55425826077 -1.23392257627
0.542 10 -1.55425808645 -1.23389184
0.542 20 -1.55425755482 -1.23380156629
0.542 30 -1.55425663999 -1.23365759415
0.542 40 -1.55425529923 -1.23346975764
0.542 50 -1.5542534745 -1.23325200128
0.542 60 -1.55425109629 -1.2330224561
0.542 70 -1.55424809166 -1.23280336461
0.542 80 -1.55424439867 -1.23262066433
0.58 0 -1.57478750122 -1.25343410267
0.58 10 -1.57478730328 -1.25339973879
0.58 20 -1.57478669811 -1.25329867907
0.58 30 -1.57478565148 -1.25313707384
0.58 40 -1.57478410576 -1.25292534756
0.58 50 -1.57478198009 -1.25267842865
0.58 60 -1.57477917249 -1.25241599869
0.58 70 -1.57477556646 -1.25216265693
0.58 80 -1.57477104503 -1.25194780268
0.618 0 -1.5887613734 -1.26630911611
0.618 10 -1.58876114927 -1.26627092052
0.618 20 -1.58876046243 -1.26615844405
0.618 30 -1.58875926885 -1.26597809467
0.618 40 -1.5887574933 -1.26574080452
0.618 50 -1.5887550274 -1.26546238881
0.618 60 -1.58875172903 -1.26516399959
0.618 70 -1.58874742594 -1.26487259119
0.618 80 -1.58874192764 -1.26462121124
0.656 0 -1.59757662758 -1.27394228709
0.656 10 -1.59757637451 -1.27390005619
0.656 20 -1.59757559727 -1.27377553016
0.656 30 -1.59757424048 -1.27357530974
0.656 40 -1.59757220824 -1.27331073179
0.656 50 -1.59756935933 -1.27299837055
0.656 60 -1.59756550269 -1.27266072747
0.656 70 -1.59756039606 -1.27232706507
0.656 80 -1.59755375291 -1.27203423686
0.694 0 -1.60232563216 -1.27742412523
0.694 10 -1.60232534724 -1.27737765308
0.694 20 -1.60232447029 -1.27724043379
0.694 30 -1.60232293288 -1.27701918383
0.694 40 -1.60232061503 -1.27672551956
0.694 50 -1.60231733673 -1.27637661204
0.694 60 -1.60231284797 -1.2759961439
0.694 70 -1.60230681985 -1.27561558555
0.694 80 -1.60229884294 -1.27527571792
0.732 0 -1.60387155885 -1.27761621481
0.732 10 -1.60387123896 -1.27756528921
0.732 20 -1.60387025239 -1.27741470994
0.732 30 -1.60386851577 -1.27717121843
0.732 40 -1.60386588128 -1.27684656021
0.732 50 -1.60386212355 -1.27645830127
0.732 60 -1.60385692219 -1.27603108199
0.732 70 -1.60384984261 -1.27559841635
0.732 80 -1.60384032067 -1.27520508975
0.77 0 -1.60289999826 -1.27520297006
0.77 10 -1.60289964011 -1.27514736736
0.77 20 -1.60289853342 -1.27498272204
0.77 30 -1.60289657781 -1.27471569398
0.77 40 -1.60289359354 -1.27435797796
0.77 50 -1.60288930253 -1.27392728618
0.77 60 -1.60288330132 -1.27344892695
0.77 70 -1.60287502774 -1.27295821494
0.77 80 -1.60286372592 -1.27250396132
0.808 0 -1.59995634938 -1.27072933408
0.808 10 -1.59995594951 -1.27066881245
0.808 20 -1.59995471161 -1.27048933458
0.808 30 -1.59995251606 -1.2701973532
0.808 40 -1.59994914676 -1.2698042968
0.808 50 -1.59994426481 -1.26932771759
0.808 60 -1.59993736956 -1.26879321946
0.808 70 -1.59992774649 -1.26823757549
0.808 80 -1.5999144052 -1.26771357174
0.846 0 -1.59547451462 -1.26463004228
0.846 10 -1.59547406937 -1.26456433349
0.846 20 -1.59547268862 -1.26436916995
0.846 30 -1.59547023106 -1.26405064796
0.846 40 -1.59546643939 -1.2636196694
0.846 50 -1.5954609051 -1.26309324737
0.846 60 -1.59545301461 -1.26249680252
0.846 70 -1.5954418734 -1.26186809287
0.846 80 -1.59542620743 -1.26126372954
0.884 0 -1.58979995539 -1.25725360173
0.884 10 -1.58979946097 -1.2571824017
0.884 20 -1.5897979252 -1.25697058249
0.884 30 -1.58979518251 -1.2566237043
0.884 40 -1.58979092916 -1.25615182416
0.884 50 -1.58978467748 -1.25557094129
0.884 60 -1.58977568376 -1.25490567128
0.884 70 -1.58976284251 -1.25419410176
0.884 80 -1.58974454054 -1.25349637279
0.922 0 -1.58320865681 -1.24888263271
0.922 10 -1.5832081093 -1.24880559239
0.922 20 -1.58320640589 -1.24857600037
0.922 30 -1.58320335402 -1.24819866169
0.922 40 -1.58319859794 -1.24768239397
0.922 50 -1.58319156045 -1.24704157881
0.922 60 -1.58318134893 -1.24629920604
0.922 70 -1.58316661282 -1.2454927718
0.922 80 -1.5831453373 -1.24468541197
0.96 0 -1.57592273335 -1.23975137298
0.96 10 -1.57592212871 -1.23966809308
0.96 20 -1.57592024472 -1.23941944508
0.96 30 -1.57591685889 -1.23900920893
0.96 40 -1.57591155754 -1.23844446795
0.96 50 -1.57590366284 -1.23773720699
0.96 60 -1.57589211298 -1.23690768539
0.96 70 -1.5758752749 -1.23599147951
0.96 80 -1.57585066261 -1.23505376917
0.998 0 -1.56812304653 -1.23006064425
0.998 10 -1.56812238069 -1.22997068201
0.998 20 -1.56812030295 -1.22970154588
0.998 30 -1.5681165579 -1.22925565898
0.998 40 -1.56811066761 -1.22863774876
0.998 50 -1.56810184192 -1.22785639112
0.998 60 -1.56808882798 -1.22692760535
0.998 70 -1.56806966958 -1.22588307757
0.998 80 -1.56804133286 -1.22478828811
1.036 0 -1.55995910946 -1.21999007379
1.036 10 -1.55995837833 -1.21989297501
1.036 20 -1.55995609367 -1.21960186553
1.036 30 -1.55995196394 -1.21911741482
1.036 40 -1.55994544047 -1.21844123154
1.036 50 -1.55993560833 -1.21757718817
1.036 60 -1.55992100046 -1.21653500895
1.036 70 -1.55989929373 -1.2153395246
1.036 80 -1.5598668225 -1.21405324535
1.074 0 -1.55155658016 -1.2097065674
1.074 10 -1.55155577973 -1.20960193764
1.074 20 -1.55155327512 -1.20928753694
1.074 30 -1.55154873543 -1.20876183918
1.074 40 -1.55154153452 -1.20802245823
1.074 50 -1.55153061974 -1.20706700197
1.074 60 -1.55151428539 -1.20589623003
1.074 70 -1.55148979468 -1.20452378119
1.074 80 -1.55145275937 -1.20300316572
1.112 0 -1.54302270249 -1.19936726252
1.112 10 -1.54302182887 -1.19925487197
1.112 20 -1.5430190917 -1.19891636202
1.112 30 -1.54301411742 -1.19834758123
1.112 40 -1.54300619546 -1.19754126622
1.112 50 -1.54299412219 -1.19648709897
1.112 60 -1.54297592775 -1.19517379083
1.112 70 -1.54294841236 -1.19359809273
1.112 80 -1.54290636775 -1.19179451555
1.15 0 -1.53445009202 -1.18911599009
1.15 10 -1.53444914156 -1.18899586691
1.15 20 -1.53444615983 -1.18863323387
1.15 30 -1.53444072738 -1.18802097823
1.15 40 -1.53443204225 -1.18714624032
1.15 50 -1.53441873622 -1.18598933805
1.15 60 -1.53439854901 -1.18452403223
1.15 70 -1.53436776623 -1.1827241199
1.15 80 -1.53432025614 -1.18059193199
1.188 0 -1.52591926451 -1.17907580265
1.188 10 -1.52591823382 -1.17894825389
1.188 20 -1.5259149965 -1.17856236718
1.188 30 -1.52590908388 -1.17790788438
1.188 40 -1.52589959572 -1.17696592693
1.188 50 -1.52588498561 -1.17570652948
1.188 60 -1.52586267602 -1.17408646457
1.188 70 -1.52582838463 -1.17205180911
1.188 80 -1.52577494754 -1.16956044105
1.226 0 -1.51750026999 -1.16934320685
1.226 10 -1.51749915609 -1.16920875561
1.226 20 -1.51749565331 -1.16880117846
1.226 30 -1.51748924063 -1.16810703943
1.226 40 -1.5174789128 -1.16710132793
1.226 50 -1.51746293167 -1.16574345907
1.226 60 -1.51743837557 -1.16397229489
1.226 70 -1.51740033966 -1.16170367599
1.226 80 -1.51734051488 -1.15884360002
1.264 0 -1.50925373726 -1.15998781323
1.264 10 -1.50925253764 -1.15984710003
1.264 20 -1.50924876099 -1.15941978114
1.264 30 -1.50924183102 -1.15868932114
1.264 40 -1.50923063096 -1.15762469356
1.264 50 -1.50921321775 -1.1561748031
1.264 60 -1.50918629889 -1.15426056792
1.264 70 -1.509144292 -1.15176701712
1.264 80 -1.50907762642 -1.14854583616
1.302 0 -1.50123156531 -1.15105647439
1.302 10 -1.50123027801 -1.15091017282
1.302 20 -1.50122622085 -1.15046517908
1.302 30 -1.50121875948 -1.1497020013
1.302 40 -1.50120665959 -1.1485838482
1.302 50 -1.5011877606 -1.14704948667
1.302 60 -1.50115837316 -1.14500238672
1.302 70 -1.50111218231 -1.14229734412
1.302 80 -1.50103823718 -1.13873227083
1.34 0 -1.49347743194 -1.14257895493
1.34 10 -1.49347605565 -1.1424277185
1.34 20 -1.49347171331 -1.14196706599
1.34 30 -1.49346371011 -1.14117472316
1.34 40 -1.49345068859 -1.14000845121
1.34 50 -1.49343025897 -1.13839738293
1.34 60 -1.49339830985 -1.1362282972
1.34 70 -1.49334773953 -1.13332688207
1.34 80 -1.49326609699 -1.12943908963
1.378 0 -1.48602723391 -1.13457307114
1.378 10 -1.486025768 -1.13441750693
1.378 20 -1.48602113805 -1.13394307543
1.378 30 -1.48601258666 -1.13312490602
1.378 40 -1.48599862834 -1.13191565633
1.378 50 -1.48597663324 -1.1302353843
1.378 60 -1.48594204426 -1.12795504777
1.378 70 -1.48588692001 -1.12487257848
1.378 80 -1.4857971887 -1.12068421407
1.416 0 -1.47890952926 -1.12704861996
1.416 10 -1.47890797388 -1.12688927844
1.416 20 -1.47890305629 -1.12640277847
1.416 30 -1.4788939548 -1.12556184058
1.416 40 -1.47887905172 -1.12431436912
1.416 50 -1.4788554675 -1.12257192438
1.416 60 -1.47881817723 -1.12019055636
1.416 70 -1.47875834841 -1.11694187747
1.416 80 -1.4786601676 -1.1124747718
1.454 0 -1.47214602401 -1.12001015838
1.454 10 -1.47214438013 -1.1198475323
1.454 20 -1.47213917747 -1.11935049983
1.454 30 -1.47212952874 -1.1184895572
1.454 40 -1.47211368069 -1.11720820264
1.454 50 -1.47208849573 -1.11541007712
1.454 60 -1.47204846071 -1.11293724894
1.454 70 -1.47198380232 -1.10953648222
1.454 80 -1.47187684366 -1.10481169836
1.492 0 -1.46575212837 -1.11345890667
1.492 10 -1.4657503978 -1.11329343389
1.492 20 -1.46574491531 -1.1127872385
1.492 30 -1.4657347272 -1.11190877183
1.492 40 -1.46571794211 -1.11059746599
1.492 50 -1.46569115733 -1.1087496151
1.492 60 -1.46564835279 -1.1061942339
1.492 70 -1.46557876584 -1.10265472917
1.492 80 -1.4654627319 -1.09769247841
1.53 0 -1.45973760185 -1.1073940361
1.53 10 -1.45973578726 -1.10722610422
1.53 20 -1.45973003296 -1.10671196272
1.53 30 -1.45971931846 -1.10581819162
1.53 40 -1.45970161256 -1.1044804885
1.53 50 -1.45967324165 -1.10258836484
1.53 60 -1.45962766136 -1.09995870935
1.53 70 -1.4595530715 -1.09629308183
1.53 80 -1.45942769006 -1.09111278473
1.568 0 -1.45410730984 -1.10181353659
1.568 10 -1.45410541483 -1.10164348808
1.568 20 -1.45409939961 -1.10112247984
1.568 30 -1.45408817693 -1.10021538847
1.568 40 -1.45406957484 -1.09885449993
1.568 50 -1.45403964401 -1.09692309902
1.568 60 -1.45399129934 -1.09422687532
1.568 70 -1.45391165334 -1.09044707543
1.568 80 -1.45377666624 -1.08506746992
1.606 0 -1.44886212746 -1.09671479815
1.606 10 -1.44886015655 -1.09654293541
1.606 20 -1.44885389413 -1.09601601769
1.606 30 -1.44884218673 -1.09509738053
1.606 40 -1.44882272134 -1.0937162132
1.606 50 -1.44879126885 -1.09175012196
1.606 60 -1.4487401868 -1.08899452473
1.606 70 -1.44865544653 -1.08511191647
1.606 80 -1.44851059202 -1.07955117224
1.644 0 -1.44400005007 -1.09209499579
1.644 10 -1.44399800869 -1.09192158592
1.644 20 -1.44399151577 -1.09138960836
1.644 30 -1.44397935238 -1.09046101497
1.644 40 -1.44395906467 -1.08906220573
1.644 50 -1.44392613993 -1.08706564969
1.644 60 -1.44387236017 -1.08425742254
1.644 70 -1.44378249385 -1.0802828598
1.644 80 -1.44362748153 -1.07455868316
1.682 0 -1.43951761248 -1.08795133815
1.682 10 -1.43951550704 -1.0877766174
1.682 20 -1.43950880331 -1.08724033557
1.682 30 -1.43949621799 -1.08630321354
1.682 40 -1.43947515684 -1.08488916282
1.682 50 -1.43944081926 -1.08286605071
1.682 60 -1.43938439037 -1.08001154278
1.682 70 -1.43928936109 -1.07595543968
1.682 80 -1.43912383883 -1.07008516424
1.72 0 -1.43541178666 -1.08428122122
1.72 10 -1.43540962462 -1.08410539911
1.72 20 -1.43540273291 -1.08356548686
1.72 30 -1.43538976516 -1.08262112313
1.72 40 -1.43536798715 -1.08119402582
1.72 50 -1.43533230493 -1.07914799078
1.72 60 -1.43527328002 -1.07625320922
1.72 70 -1.43517303244 -1.07212560379
1.72 80 -1.43499654733 -1.06612626628
1.758 0 -1.43168263333 -1.08108231615
1.758 10 -1.43168042319 -1.0809055792
1.758 20 -1.43167336966 -1.0803626402
1.758 30 -1.43166006461 -1.07941220071
1.758 40 -1.43163763403 -1.07797407468
1.758 50 -1.4316006833 -1.07590851255
1.758 60 -1.43153911614 -1.07297917076
1.758 70 -1.43143356403 -1.06878978202
1.758 80 -1.43124552454 -1.0626781849
1.796 0 -1.42833712236 -1.0783526117
1.796 10 -1.42833487376 -1.07817512693
1.796 20 -1.42832768798 -1.07762970526
1.796 30 -1.42831409659 -1.07667425317
1.796 40 -1.42829108568 -1.07522696588
1.796 50 -1.4282529505 -1.07314507084
1.796 60 -1.42818889488 -1.07018663302
1.796 70 -1.42807791742 -1.06594491248
1.796 80 -1.42787757796 -1.05973767504
1.834 0 -1.42539463414 -1.07609042722
1.834 10 -1.42539235775 -1.07591234538
1.834 20 -1.42538507253 -1.07536493545
1.834 30 -1.42537125148 -1.07440544817
1.834 40 -1.42534774089 -1.07295074145
1.834 50 -1.42530851593 -1.0708555392
1.834 60 -1.42524203408 -1.0678732618
1.834 70 -1.42512549951 -1.06358844005
1.834 80 -1.42491202169 -1.05730204036
1.872 0 -1.42289435994 -1.07429440704
1.872 10 -1.42289206701 -1.07411586569
1.872 20 -1.42288471709 -1.07356692151
1.872 30 -1.42287072741 -1.07260430672
1.872 40 -1.42284680689 -1.0711438202
1.872 50 -1.42280660542 -1.06903819929
1.872 60 -1.42273779815 -1.06603716992
1.872 70 -1.42261565531 -1.06171829951
1.872 80 -1.42238836349 -1.05536910857
1.91 0 -1.42090306584 -1.07296350519
1.91 10 -1.42090076682 -1.07278463158
1.91 20 -1.42089338535 -1.0722345756
1.91 30 -1.42087928825 -1.07126968645
1.91 40 -1.42085505657 -1.06980497979
1.91 50 -1.42081402801 -1.06769172151
1.91 60 -1.42074310614 -1.06467689577
1.91 70 -1.42061560847 -1.06033289099
1.91 80 -1.42037463647 -1.0539372011
1.948 0 -1.4195165353 -1.07209696669
1.948 10 -1.41951423743 -1.07191788049
1.948 20 -1.41950684913 -1.07136711208
1.948 30 -1.41949269762 -1.0704007618
1.948 40 -1.41946826084 -1.0689333361
1.948 50 -1.41942661861 -1.06681514309
1.948 60 -1.41935402384 -1.06379137994
1.948 70 -1.41922211781 -1.05943105433
1.948 80 -1.41896955678 -1.05300510297
1.986 0 -1.41884063852 -1.0716943101
1.986 10 -1.41883834333 -1.07151512612
1.986 20 -1.41883095765 -1.07096402973
1.986 30 -1.4188167876 -1.06999700577
1.986 40 -1.4187922553 -1.06852832427
1.986 50 -1.41875029882 -1.06640784836
1.986 60 -1.4186768089 -1.06337994439
1.986 70 -1.41854248371 -1.05901204669
1.986 80 -1.41828344881 -1.05257203717
2.024 0 -1.41894452222 -1.07175531459
2.024 10 -1.41894222651 -1.07157614538
2.024 20 -1.41893484014 -1.07102509855
2.024 30 -1.41892067255 -1.07005817645
2.024 40 -1.41889615472 -1.06858968489
2.024 50 -1.41885424729 -1.06646955445
2.024 60 -1.41878089888 -1.06344227733
2.024 70 -1.41864695888 -1.05907552636
2.024 80 -1.41838895989 -1.05263764659
2.062 0 -1.41981664379 -1.07228001349
2.062 10 -1.41981434522 -1.07210097194
2.062 20 -1.4198069571 -1.07155035328
2.062 30 -1.41979281563 -1.07058431036
2.062 40 -1.41976842227 -1.06911745715
2.062 50 -1.41972691613 -1.06700030406
2.062 60 -1.4196547007 -1.06397842587
2.062 70 -1.41952380732 -1.05962154498
2.062 80 -1.41927393287 -1.05320198515
2.1 0 -1.42137280531 -1.0732686953
2.1 10 -1.42137050699 -1.07308989726
2.1 20 -1.42136313094 -1.07254009435
2.1 30 -1.42134905645 -1.07157572349
2.1 40 -1.42132489662 -1.07011197984
2.1 50 -1.42128406818 -1.06800046666
2.1 60 -1.42121367186 -1.06498879711
2.1 70 -1.42108752793 -1.06065054868
2.1 80 -1.42085005721 -1.05426551924
2.138 0 -1.42350625358 -1.07472191196
2.138 10 -1.42350396392 -1.07454347884
2.138 20 -1.42349662764 -1.07399489631
2.138 30 -1.42348267631 -1.07303301987
2.138 40 -1.42345885444 -1.07157390025
2.138 50 -1.42341889737 -1.06947074758
2.138 60 -1.42335068788 -1.06647416772
2.138 70 -1.42323001445 -1.06216338827
2.138 80 -1.42300639453 -1.05582913899
2.176 0 -1.42612813128 -1.07664049323
2.176 10 -1.42612586112 -1.07646255469
2.176 20 -1.42611859874 -1.07591562249
2.176 30 -1.42610483234 -1.07495710652
2.176 40 -1.42608144493 -1.07350418955
2.176 50 -1.42604249675 -1.07141220408
2.176 60 -1.42597664604 -1.06843570077
2.176 70 -1.42586158475 -1.06416133724
2.176 80 -1.42565164405 -1.05789417868
2.214 0 -1.42917952231 -1.0790255648
2.214 10 -1.42917728282 -1.0788482616
2.214 20 -1.4291701288 -1.07830344348
2.214 30 -1.42915660749 -1.07734921252
2.214 40 -1.42913374183 -1.07590416251
2.214 50 -1.42909590969 -1.07382626595
2.214 60 -1.42903250354 -1.07087496757
2.214 70 -1.428922967 -1.06664611539
2.214 80 -1.42872594425 -1.06046244375
2.252 0 -1.43262724747 -1.08187856664
2.252 10 -1.43262504909 -1.08170205351
2.252 20 -1.43261803543 -1.08115985603
2.252 30 -1.43260481443 -1.08021090846
2.252 40 -1.43258254891 -1.07877549798
2.252 50 -1.43254592419 -1.07671475724
2.252 60 -1.43248502088 -1.07379397106
2.252 70 -1.4323808751 -1.0696199147
2.252 80 -1.4321959424 -1.06353624161
2.29 0 -1.43645583669 -1.08520126647
2.29 10 -1.43645368876 -1.08502571524
2.29 20 -1.43644684412 -1.08448669716
2.29 30 -1.43643397286 -1.0835441215
2.29 40 -1.43641237759 -1.08212025512
2.29 50 -1.43637704216 -1.08007991414
2.29 60 -1.43631869516 -1.0771951658
2.29 70 -1.43621982775 -1.07308542241
2.29 80 -1.4360462787 -1.06711841099
2.328 0 -1.44066059412 -1.08899576128
2.328 10 -1.44065850487 -1.08882136417
2.328 20 -1.44065185453 -1.08828614659
2.328 30 -1.44063937663 -1.08735113878
2.328 40 -1.44061851386 -1.08594087831
2.328 50 -1.4405845418 -1.08392439185
2.328 60 -1.44052880501 -1.08108146758
2.328 70 -1.44043513877 -1.07704583497
2.328 80 -1.44027242135 -1.07121234391
2.366 0 -1.44524258582 -1.09326445806
2.366 10 -1.4452405624 -1.09309143124
2.366 20 -1.44523412835 -1.09256070835
2.366 30 -1.44522208187 -1.09163459039
2.366 40 -1.44520200615 -1.09024018194
2.366 50 -1.44516946347 -1.08825125183
2.366 60 -1.44511638921 -1.08545624394
2.366 70 -1.44502787499 -1.08150485331
2.366 80 -1.44487556675 -1.07582199089
2.404 0 -1.45020517497 -1.09801002086
2.404 10 -1.45020322354 -1.0978386083
2.404 20 -1.45019702468 -1.09731315918
2.404 30 -1.45018544226 -1.09639739915
2.404 40 -1.45016620041 -1.09502130228
2.404 50 -1.45013514401 -1.09306391646
2.404 60 -1.45008477893 -1.09032327265
2.404 70 -1.4500013824 -1.08646664741
2.404 80 -1.44985915107 -1.08095183738
2.442 0 -1.45555160298 -1.10323526809
2.442 10 -1.45554972875 -1.10306574573
2.442 20 -1.45554378097 -1.102546447
2.442 30 -1.45553268996 -1.1016426808
2.442 40 -1.45551432086 -1.10028760007
2.442 50 -1.45548479729 -1.09836607474
2.442 60 -1.45543717807 -1.09568665164
2.442 70 -1.45535886683 -1.09193577281
2.442 80 -1.45522643237 -1.08660683404
2.48 0 -1.46128323933 -1.10894299697
2.48 10 -1.46128144655 -1.10877567727
2.48 20 -1.46127576284 -1.10826351687
2.48 30 -1.46126518532 -1.10737357174
2.48 40 -1.4612477197 -1.10604249056
2.48 50 -1.46121976414 -1.1041615155
2.48 60 -1.4611749139 -1.10155063643
2.48 70 -1.46110164654 -1.09791701475
2.48 80 -1.46097875032 -1.09279225575
2.518 0 -1.46739825668 -1.11513570372
2.518 10 -1.46739654869 -1.11497094052
2.518 20 -1.46739113918 -1.11446703249
2.518 30 -1.46738109196 -1.11359295199
2.518 40 -1.46736455222 -1.11228916868
2.518 50 -1.46733818765 -1.110453855
2.518 60 -1.46729611328 -1.10791937088
2.518 70 -1.46722783149 -1.10441512421
2.518 80 -1.46711421305 -1.09951345133
2.556 0 -1.47389058247 -1.12181515367
2.556 10 -1.47388896174 -1.12165334734
2.556 20 -1.4738838337 -1.12115894722
2.556 30 -1.47387432841 -1.12030301726
2.556 40 -1.47385872862 -1.11903018192
2.556 50 -1.47383396532 -1.11724611039
2.556 60 -1.47379465579 -1.11479646035
2.556 70 -1.47373127899 -1.11143439114
2.556 80 -1.47362666031 -1.10677542346
2.594 0 -1.4807490385 -1.12898173485
2.594 10 -1.48074750661 -1.12882333726
2.594 20 -1.48074266458 -1.12833985724
2.594 30 -1.48073370777 -1.12750463115
2.594 40 -1.48071905366 -1.12626678033
2.594 50 -1.48069588926 -1.12454004507
2.594 60 -1.48065931482 -1.12218430896
2.594 70 -1.48060073723 -1.11897796887
2.594 80 -1.48050481313 -1.1145821394
2.632 0 -1.48795661636 -1.13663349481
2.632 10 -1.48795517406 -1.13647901375
2.632 20 -1.4879506199 -1.1360080353
2.632 30 -1.48794221314 -1.13519635388
2.632 40 -1.48792850243 -1.13399793628
2.632 50 -1.48790692205 -1.13233517278
2.632 60 -1.48787303445 -1.13008309722
2.632 70 -1.48781912422 -1.12704680848
2.632 80 -1.48773155781 -1.12293540006
2.67 0 -1.49548985758 -1.14476471289
2.67 10 -1.49548850481 -1.1446147141
2.67 20 -1.49548423784 -1.14415799359
2.67 30 -1.49547637803 -1.14337299158
2.67 40 -1.4954636008 -1.14221887013
2.67 50 -1.49544357778 -1.1406272444
2.67 60 -1.495412311 -1.13848920428
2.67 70 -1.49536291101 -1.13563797239
2.67 80 -1.49528333321 -1.13183296596
2.708 0 -1.50331831773 -1.15336379378
2.708 10 -1.50331705366 -1.15321889801
2.708 20 -1.50331307085 -1.15277835593
2.708 30 -1.5033057505 -1.15202343765
2.708 40 -1.50329388976 -1.15091883998
2.708 50 -1.50327538651 -1.14940595239
2.708 60 -1.50324665828 -1.14739277044
2.708 70 -1.5032015882 -1.14474195145
2.708 80 -1.50312960022 -1.14126541365
2.746 0 -1.51140409426 -1.16241020953
2.746 10 -1.51140291742 -1.16227107907
2.746 20 -1.51139921355 -1.16184875601
2.746 30 -1.51139242121 -1.16112750863
2.746 40 -1.51138145358 -1.16007787329
2.746 50 -1.51136442276 -1.15865149234
2.746 60 -1.51133813642 -1.15677397374
2.746 70 -1.51129719579 -1.15433843261
2.746 80 -1.51123237367 -1.15121087868
2.784 0 -1.51970138982 -1.1718702399
2.784 10 -1.51970029808 -1.17173754606
2.784 20 -1.51969686603 -1.1713354983
2.784 30 -1.51969058674 -1.17065149287
2.784 40 -1.51968048322 -1.16966212925
2.784 50 -1.51966486906 -1.16832962132
2.784 60 -1.51964091579 -1.16659757739
2.784 70 -1.5196038877 -1.16438991627
2.784 80 -1.51954578825 -1.16162669698
2.822 0 -1.52815606245 -1.18169157983
2.822 10 -1.52815505318 -1.18156594159
2.822 20 -1.52815188413 -1.18118604579
2.822 30 -1.52814609989 -1.18054247078
2.822 40 -1.52813682676 -1.17961794469
2.822 50 -1.52812256652 -1.17838526311
2.822 60 -1.52810082776 -1.17680580296
2.822 70 -1.52806748284 -1.17483327456
2.822 80 -1.5280156503 -1.17243820692
2.86 0 -1.53670508201 -1.19179780971
2.86 10 -1.5367041521 -1.19167970249
2.86 20 -1.53670123585 -1.19132336787
2.86 30 -1.53669592618 -1.1907224969
2.86 40 -1.53668744584 -1.18986575701
2.86 50 -1.53667447129 -1.188736044
2.86 60 -1.53665482122 -1.18731129511
2.86 70 -1.53662492179 -1.18557189089
2.86 80 -1.53657889463 -1.18352995016
2.898 0 -1.5452757649 -1.20208516449
2.898 10 -1.54527491091 -1.20197482518
2.898 20 -1.54527223612 -1.20164269773
2.898 30 -1.54526737856 -1.20108535939
2.898 40 -1.5452596505 -1.20029690979
2.898 50 -1.54524788938 -1.19926927167
2.898 60 -1.54523019738 -1.19799462935
2.898 70 -1.54520350147 -1.19647477936
2.898 80 -1.54516281896 -1.19475042967
2.936 0 -1.55378460022 -1.21242439283
2.936 10 -1.55378381842 -1.2123217759
2.936 20 -1.55378137292 -1.21201361058
2.936 30 -1.55377694356 -1.2114989921
2.936 40 -1.55376992518 -1.2107766736
2.936 50 -1.55375930269 -1.20984607336
2.936 60 -1.55374343562 -1.20871059973
2.936 70 -1.55371970072 -1.20738734159
2.936 80 -1.55368390909 -1.205932973
2.974 0 -1.56213541251 -1.22266750925
2.974 10 -1.56213469896 -1.22257233087
2.974 20 -1.56213247002 -1.22228714371
2.974 30 -1.56212844398 -1.22181312044
2.974 40 -1.56212209144 -1.22115277192
2.974 50 -1.56211253153 -1.2203113503
2.974 60 -1.56209835589 -1.21930047065
2.974 70 -1.56207734235 -1.21814712696
2.974 80 -1.56204600006 -1.21691505697
3.012 0 -1.57021653948 -1.23265471895
3.012 10 -1.57021589014 -1.2325665597
3.012 20 -1.57021386467 -1.23230295979
3.012 30 -1.57021021662 -1.23186673533
3.012 40 -1.57020448559 -1.23126330192
3.012 50 -1.57019591216 -1.230502246
3.012 60 -1.57018329595 -1.22960087727
3.012 70 -1.5701647699 -1.22859214519
3.012 80 -1.57013745219 -1.22754168794
3.05 0 -1.57789664992 -1.2422163137
3.05 10 -1.57789606071 -1.24213471725
3.05 20 -1.57789422549 -1.24189121763
3.05 30 -1.57789093 -1.24148989402
3.05 40 -1.57788577633 -1.2409383408
3.05 50 -1.57787811428 -1.24024926109
3.05 60 -1.57786692862 -1.23944376012
3.05 70 -1.57785066442 -1.23855807899
3.05 80 -1.57782696684 -1.23765698698
3.088 0 -1.58501880012 -1.25116809061
3.088 10 -1.58501826696 -1.25109262386
3.088 20 -1.58501660891 -1.25086782641
3.088 30 -1.58501364079 -1.25049872591
3.088 40 -1.58500902108 -1.24999450957
3.088 50 -1.58500219719 -1.24937005209
3.088 60 -1.5849923176 -1.24864886478
3.088 70 -1.58497809972 -1.24786870834
3.088 80 -1.5849576409 -1.24709200091
3.126 0 -1.59139233867 -1.25930174134
3.126 10 -1.59139185757 -1.25923201825
3.126 20 -1.5913903638 -1.25902468392
3.126 30 -1.59138769844 -1.2586854591
3.126 40 -1.5913835705 -1.2582246579
3.126 50 -1.5913775141 -1.25765859891
3.126 60 -1.59136882156 -1.25701217979
3.126 70 -1.59135644605 -1.25632347795
3.126 80 -1.59133886943 -1.25565174456
3.164 0 -1.59678231491 -1.26637184941
3.164 10 -1.59678188197 -1.2663075335
3.164 20 -1.59678053997 -1.26611658649
3.164 30 -1.59677815356 -1.26580521448
3.164 40 -1.59677447677 -1.26538448618
3.164 50 -1.5967691203 -1.26487159816
3.164 60 -1.59676150193 -1.26429207295
3.164 70 -1.59675077732 -1.26368346434
3.164 80 -1.59673575222 -1.26310139844
3.202 0 -1.60089610242 -1.27208026008
3.202 10 -1.60089571387 -1.27202105768
3.202 20 -1.60089451161 -1.27184556178
3.202 30 -1.60089238129 -1.27156029302
3.202 40 -1.60088911685 -1.27117677322
3.202 50 -1.60088439622 -1.27071263009
3.202 60 -1.60087774576 -1.27019343133
3.202 70 -1.60086849363 -1.26965560604
3.202 80 -1.60085571564 -1.26915090414
3.24 0 -1.60336695401 -1.27605787615
3.24 10 -1.60336660626 -1.27600352683
3.24 20 -1.60336553223 -1.27584265453
3.24 30 -1.60336363623 -1.2755819519
3.24 40 -1.60336074734 -1.27523314641
3.24 50 -1.6033566021 -1.27481393886
3.24 60 -1.60335082022 -1.27434949421
3.24 70 -1.6033428754 -1.27387468191
3.24 80 -1.6033320661 -1.27343725535
3.278 0 -1.60373405504 -1.27784346242
3.278 10 -1.60373374466 -1.27779372989
3.278 20 -1.60373278793 -1.27764673292
3.278 30 -1.6037311056 -1.27740921601
3.278 40 -1.60372855756 -1.27709290684
3.278 50 -1.60372493106 -1.27671528951
3.278 60 -1.60371992542 -1.27630077753
3.278 70 -1.60371313583 -1.27588236712
3.278 80 -1.60370404226 -1.27550378529
3.316 0 -1.60141818102 -1.2768584828
3.316 10 -1.60141790478 -1.276813147
3.316 20 -1.601417055 -1.2766793315
3.316 30 -1.60141556687 -1.27646373049
3.316 40 -1.6014133271 -1.27617790029
3.316 50 -1.60141016651 -1.27583887274
3.316 60 -1.60140585162 -1.27547003886
3.316 70 -1.6014000781 -1.27510230116
3.316 80 -1.60139247172 -1.27477539756
3.354 0 -1.59569109222 -1.27237600366
3.354 10 -1.59569084705 -1.2723348545
3.354 20 -1.59569009447 -1.27221356118
3.354 30 -1.59568878228 -1.27201868068
3.354 40 -1.59568682031 -1.27176145453
3.354 50 -1.59568407653 -1.27145827147
3.354 60 -1.5956803737 -1.27113129211
3.354 70 -1.59567548949 -1.27080917894
3.354 80 -1.59566916506 -1.27052777051
3.392 0 -1.58563506525 -1.26347996896
3.392 10 -1.58563484827 -1.26344280144
3.392 20 -1.58563418374 -1.26333339051
3.392 30 -1.58563303036 -1.26315808218
3.392 40 -1.58563131782 -1.26292768409
3.392 50 -1.58562894545 -1.26265778919
3.392 60 -1.58562578252 -1.26236917251
3.392 70 -1.58562167274 -1.26208817121
3.392 80 -1.58561644697 -1.26184685624
3.43 0 -1.5700861743 -1.24900837283
3.43 10 -1.57008598282 -1.24897498345
3.43 20 -1.57008539777 -1.24887682338
3.43 30 -1.57008438724 -1.2487199658
3.43 40 -1.57008289779 -1.24851468703
3.43 50 -1.57008085498 -1.2482756648
3.43 60 -1.5700781661 -1.24802217887
3.43 70 -1.57007472717 -1.24777820677
3.43 80 -1.57007043738 -1.24757221767
3.468 0 -1.54755068997 -1.22746961931
3.468 10 -1.54755052146 -1.22743980347
3.468 20 -1.54755000791 -1.22735226295
3.468 30 -1.54754912538 -1.22721274723
3.468 40 -1.54754783467 -1.22703092363
3.468 50 -1.54754608302 -1.22682046515
3.468 60 -1.54754380833 -1.22659908613
3.468 70 -1.54754094738 -1.22638841354
3.468 80 -1.54753745003 -1.22621350795
3.506 0 -1.51607757134 -1.19691498161
3.506 10 -1.51607742345 -1.19688853181
3.506 20 -1.51607697396 -1.19681097407
3.506 30 -1.51607620569 -1.19668769378
3.506 40 -1.51607509129 -1.19652768992
3.506 50 -1.51607359571 -1.19634356848
3.506 60 -1.51607168111 -1.19615144329
3.506 70 -1.51606931527 -1.19597063681
3.506 80 -1.5160664845 -1.19582301562
3.544 0 -1.47306007399 -1.15474014092
3.544 10 -1.47305994454 -1.15471684541
3.544 20 -1.47305955223 -1.15464862431
3.544 30 -1.47305888553 -1.15454046847
3.544 40 -1.47305792684 -1.15440066662
3.544 50 -1.47305665539 -1.15424072051
3.544 60 -1.47305505219 -1.15407513976
3.544 70 -1.47305310797 -1.15392101982
3.544 80 -1.47305083411 -1.15379726425
3.582 0 -1.41492284959 -1.09737216488
3.582 10 -1.41492273657 -1.0973518068
3.582 20 -1.41492239507 -1.09729226401
3.582 30 -1.41492181825 -1.09719811219
3.582 40 -1.41492099647 -1.09707690458
3.582 50 -1.4149199202 -1.09693902482
3.582 60 -1.41491858479 -1.09679740278
3.582 70 -1.41491699734 -1.09666701123
3.582 80 -1.41491518544 -1.09656403346
3.62 0 -1.33662047553 -1.01976787685
3.62 10 -1.33662037706 -1.01975023351
3.62 20 -1.33662008053 -1.0196986965
3.62 30 -1.33661958288 -1.01961741533
3.62 40 -1.33661888085 -1.01951319864
3.62 50 -1.33661797361 -1.01939532004
3.62 60 -1.33661686708 -1.01927517961
3.62 70 -1.33661557949 -1.01916575449
3.62 80 -1.33661414787 -1.01908075805
3.658 0 -1.23081267802 -0.914588914948
3.658 10 -1.2308125924 -0.914573757378
3.658 20 -1.23081233542 -0.914529537851
3.658 30 -1.23081190711 -0.914459978425
3.658 40 -1.23081130923 -0.91437114985
3.658 50 -1.2308105475 -0.914271244622
3.658 60 -1.23080963532 -0.914170205895
3.658 70 -1.23080859791 -0.91407916146
3.658 80 -1.23080747669 -0.914009609034
3.696 0 -1.08645082978 -0.770788107782
3.696 10 -1.08645075543 -0.770775200305
3.696 20 -1.08645053302 -0.770737593189
3.696 30 -1.08645016509 -0.770678589485
3.696 40 -1.08644965717 -0.770603544134
3.696 50 -1.08644901983 -0.770519617383
3.696 60 -1.08644827145 -0.770435389205
3.696 70 -1.08644744104 -0.770360300086
3.696 80 -1.08644657091 -0.770303887161
3.734 0 -0.886206831627 -0.571038314052
3.734 10 -0.886206767041 -0.57102741406
3.734 20 -0.886206574674 -0.570995697059
3.734 30 -0.886206258903 -0.570946065157
3.734 40 -0.886205828119 -0.570883194998
3.734 50 -0.886205296327 -0.570813282325
3.734 60 -0.886204684826 -0.570743656454
3.734 70 -0.886204024179 -0.570682245506
3.734 80 -0.886203355111 -0.57063687874
3.772 0 -0.601408162157 -0.28666752278
3.772 10 -0.601408106044 -0.286658380944
3.772 20 -0.601407939467 -0.286631814599
3.772 30 -0.601407668316 -0.286590353111
3.772 40 -0.601407303148 -0.28653804758
3.772 50 -0.601406860076 -0.286480214646
3.772 60 -0.601406361979 -0.286423062643
3.772 70 -0.601405839238 -0.286373191978
3.772 80 -0.601405329446 -0.286336971597
3.81 0 -0.180982141317 0.133396760912
3.81 10 -0.180982092346 0.133404400569
3.81 20 -0.180981947825 0.133426571556
3.81 30 -0.180981714581 0.133461079428
3.81 40 -0.180981404578 0.133504431316
3.81 50 -0.180981035431 0.133552086822
3.81 60 -0.180980630385 0.133598814384
3.81 70 -0.180980218523 0.133639149666
3.81 80 -0.18097983357 0.1336679441
3.848 0 0.476122306232 0.790205605801
3.848 10 0.476122349051 0.790212004881
3.848 20 0.476122475116 0.790230550076
3.848 30 0.476122676487 0.790259333453
3.848 40 0.476122940548 0.790295338747
3.848 50 0.476123248691 0.790334683328
3.848 60 0.476123578041 0.790372955407
3.848 70 0.476123901493 0.790405630931
3.848 80 0.476124189625 0.790428552311
3.886 0 1.60370848109 1.91756236621
3.886 10 1.60370851901 1.91756779164
3.886 20 1.60370862944 1.91758349149
3.886 30 1.60370880452 1.91760778755
3.886 40 1.60370903016 1.91763804321
3.886 50 1.60370928861 1.91767090228
3.886 60 1.60370955678 1.91770260428
3.886 70 1.60370981031 1.91772936882
3.886 80 1.60371002396 1.91774781229
