0.1 2.24337959995 2.55716566017
0.256 -0.821014049755 -0.505964550084
0.412 -1.40405578004 -1.08661999668
0.568 -1.56908912314 -1.24806577016
0.724 -1.60377598127 -1.27781292451
0.88 -1.59044474464 -1.25808135234
1.036 -1.55995910946 -1.21999007379
1.192 -1.52502666172 -1.17803541417
1.348 -1.49188264675 -1.14085388441
1.504 -1.46381149921 -1.11149121708
1.66 -1.4420666457 -1.09029241941
1.816 -1.42673628178 -1.07710380359
1.972 -1.41900115308 -1.07178870714
2.128 -1.42289435995 -1.07429440704
2.284 -1.43582628301 -1.0846453214
2.44 -1.4552606089 -1.10294825023
2.596 -1.48111985757 -1.12937239417
2.752 -1.51270141957 -1.1638774934
2.908 -1.54752461157 -1.20480675962
3.064 -1.58059480635 -1.2455956974
3.22 -1.60229706638 -1.27420596601
3.376 -1.59046504081 -1.26783172217
3.532 -1.48808487082 -1.16950687885
3.688 -1.12078032942 -0.805005072597
3.844 0.390712902514 0.7048242023
