0.2 0 -0.309098684924 0.00536900091641
0.2 10 -0.309098634202 0.00537701071745
0.2 20 -0.309098484205 0.00540026433281
0.2 30 -0.309098241609 0.00543648335796
0.2 40 -0.309097918054 0.00548203538929
0.2 50 -0.309097530753 0.00553218668121
0.2 60 -0.309097103025 0.00558146329405
0.2 70 -0.309096664353 0.00562412079742
0.2 80 -0.309096249499 0.00565471223113
0.2 90 -0.30909589616 0.00566872569062
0.2 100 -0.309095640756 0.00566323765126
0.2 110 -0.309095512368 0.00563749763673
0.2 120 -0.309095525612 0.00559333190721
0.2 130 -0.309095674098 0.00553524034064
0.2 140 -0.309095926928 0.00547007735984
0.2 150 -0.309096230704 0.00540626724836
0.2 160 -0.309096518353 0.00535260794825
0.2 170 -0.30909672371 0.00531684337788
0.225656 0 -0.544078392625 -0.21847352324
0.225656 10 -0.543803038964 -0.217295290365
0.225656 20 -0.54297940988 -0.213795914638
0.225656 30 -0.541615467735 -0.208087610399
0.225656 40 -0.539726699959 -0.200378031058
0.225656 50 -0.53733938511 -0.190999815486
0.225656 60 -0.534494902567 -0.180446245537
0.225656 70 -0.531254500865 -0.169399937528
0.225656 80 -0.527703391077 -0.158727880027
0.225656 90 -0.5239524377 -0.14940365658
0.225656 100 -0.520135466529 -0.142328611322
0.225656 110 -0.516400862698 -0.13808474203
0.225656 120 -0.512898024529 -0.136737945292
0.225656 130 -0.50976180348 -0.137817815813
0.225656 140 -0.507099670166 -0.140484088759
0.225656 150 -0.504985521506 -0.143771272607
0.225656 160 -0.503461223851 -0.146797002925
0.225656 170 -0.50254429412 -0.148887368654
0.251312 0 -0.749699417523 -0.424417831652
0.251312 10 -0.74939108293 -0.423137175074
0.251312 20 -0.748466802265 -0.419325092538
0.251312 30 -0.746929545569 -0.413078318191
0.251312 40 -0.744786969038 -0.404581853882
0.251312 50 -0.742055556513 -0.394144612933
0.251312 60 -0.738766403968 -0.382246189323
0.251312 70 -0.734972202979 -0.369583075885
0.251312 80 -0.730754260053 -0.357085611394
0.251312 90 -0.72622743402 -0.345855651698
0.251312 100 -0.721540154541 -0.33697551708
0.251312 110 -0.716867098611 -0.331206703113
0.251312 120 -0.712394462665 -0.328721387956
0.251312 130 -0.70830158581 -0.32904818019
0.251312 140 -0.704745358365 -0.331265580834
0.251312 150 -0.701852366495 -0.334302845277
0.251312 160 -0.699718449347 -0.337192721479
0.251312 170 -0.698411087181 -0.33921317759
0.276968 0 -0.909890966649 -0.585126858033
0.276968 10 -0.909547810103 -0.58373753989
0.276968 20 -0.908517080205 -0.579593129571
0.276968 30 -0.906795899451 -0.5727720177
0.276968 40 -0.904382574369 -0.563431369519
0.276968 50 -0.901281519078 -0.551848512298
0.276968 60 -0.897510487782 -0.538479087924
0.276968 70 -0.893109930172 -0.524022943592
0.276968 80 -0.888153401671 -0.509468680415
0.276968 90 -0.882756558428 -0.49605594644
0.276968 100 -0.877080851527 -0.485078361397
0.276968 110 -0.871327933631 -0.477519181947
0.276968 120 -0.865723658658 -0.473687118777
0.276968 130 -0.860496365318 -0.473111641624
0.276968 140 -0.855858967173 -0.474770608557
0.276968 150 -0.852002093218 -0.477466886589
0.276968 160 -0.849095049238 -0.48014073711
0.276968 170 -0.847282033754 -0.482031425664
0.302624 0 -1.03632462227 -0.712290306242
0.302624 10 -1.0359449234 -0.710787017257
0.302624 20 -1.03480229291 -0.70629338906
0.302624 30 -1.03288709615 -0.698866394001
0.302624 40 -1.03018665536 -0.688629650312
0.302624 50 -1.02669082226 -0.675819891276
0.302624 60 -1.02240058168 -0.660856308144
0.302624 70 -1.0173398994 -0.644427858517
0.302624 80 -1.01157001518 -0.627571601983
0.302624 90 -1.00520345043 -0.611671610639
0.302624 100 -0.998412579135 -0.598266845361
0.302624 110 -0.99142651916 -0.588615566257
0.302624 120 -0.984513349441 -0.583202798765
0.302624 130 -0.977953536261 -0.581559872586
0.302624 140 -0.972019676246 -0.582535084516
0.302624 150 -0.966975473169 -0.584774223076
0.302624 160 -0.963086750396 -0.587116596226
0.302624 170 -0.960614115307 -0.588784021272
0.32828 0 -1.13708251487 -0.814005827447
0.32828 10 -1.13666469048 -0.812384313589
0.32828 20 -1.13540510537 -0.807527723198
0.32828 30 -1.13328640711 -0.7994684289
0.32828 40 -1.13028318448 -0.788290433074
0.32828 50 -1.1263680079 -0.77417990371
0.32828 60 -1.12152126296 -0.757504900596
0.32828 70 -1.11574555647 -0.738925101019
0.32828 80 -1.10908440693 -0.719510141243
0.32828 90 -1.1016424131 -0.700790181624
0.32828 100 -1.09360027847 -0.684586670775
0.32828 110 -1.0852151979 -0.672500213187
0.32828 120 -1.07680019161 -0.665245302222
0.32828 130 -1.06868920733 -0.662354443812
0.32828 140 -1.0612126188 -0.662502343858
0.32828 150 -1.05470943478 -0.664131129626
0.32828 160 -1.04956689135 -0.665968622759
0.32828 170 -1.04622152215 -0.667261256922
0.353936 0 -1.21793738365 -0.896057871609
0.353936 10 -1.21748000335 -0.894315047889
0.353936 20 -1.21609885562 -0.889085276995
0.353936 30 -1.21376786284 -0.880373164172
0.353936 40 -1.21044701886 -0.868216875808
0.353936 50 -1.20608865856 -0.852741350208
0.353936 60 -1.20064829523 -0.834246851413
0.353936 70 -1.19410156795 -0.813340961153
0.353936 80 -1.18646784909 -0.791102436031
0.353936 90 -1.17783797086 -0.769201302875
0.353936 100 -1.16839787295 -0.749780141285
0.353936 110 -1.15843408906 -0.734867311279
0.353936 120 -1.14830844125 -0.725479247131
0.353936 130 -1.1384079064 -0.721146329444
0.353936 140 -1.12910917043 -0.720302037398
0.353936 150 -1.12081352868 -0.721111950591
0.353936 160 -1.11405143013 -0.722176675779
0.353936 170 -1.10952569224 -0.722844231791
0.379592 0 -1.28311827382 -0.962682069936
0.379592 10 -1.28262007858 -0.960816120123
0.379592 20 -1.28111326415 -0.955206817231
0.379592 30 -1.2785619797 -0.945827978421
0.379592 40 -1.27490965608 -0.932665807371
0.379592 50 -1.27008519586 -0.915773018019
0.379592 60 -1.26401447881 -0.895363816334
0.379592 70 -1.25663970705 -0.871966429197
0.379592 80 -1.24794841283 -0.846636216996
0.379592 90 -1.2380104365 -0.821165042817
0.379592 100 -1.22701327181 -0.798053408523
0.379592 110 -1.21527548542 -0.779865702333
0.379592 120 -1.20321458157 -0.768021410165
0.379592 130 -1.19126903431 -0.762042088251
0.379592 140 -1.17983475259 -0.76001618012
0.379592 150 -1.1693316863 -0.759716910986
0.379592 160 -1.16044093769 -0.759589615061
0.379592 170 -1.15427050303 -0.759216779807
0.405248 0 -1.3357901729 -1.01704344748
0.405248 10 -1.33525010026 -1.01505390845
0.405248 20 -1.3336140985 -1.00906288488
0.405248 30 -1.33083546487 -0.999010673478
0.405248 40 -1.32683900459 -0.984825757821
0.405248 50 -1.32152674987 -0.966477757178
0.405248 60 -1.31478965556 -0.944075564634
0.405248 70 -1.30652900867 -0.91803672262
0.405248 80 -1.29669120249 -0.889350410948
0.405248 90 -1.2853159681 -0.859895535103
0.405248 100 -1.27258780607 -0.832559245694
0.405248 110 -1.25886249411 -0.810578255706
0.405248 120 -1.24462632604 -0.795919515173
0.405248 130 -1.23036879079 -0.788085561497
0.405248 140 -1.21645314754 -0.784661681951
0.405248 150 -1.20321695896 -0.782844374788
0.405248 160 -1.19146243591 -0.780868388811
0.405248 170 -1.18291799712 -0.778768799875
0.430904 0 -1.37836655918 -1.06154745218
0.430904 10 -1.37778377935 -1.05943528114
0.430904 20 -1.37601576684 -1.0530647551
0.430904 30 -1.37300387417 -1.04234034997
0.430904 40 -1.36865214759 -1.02712773768
0.430904 50 -1.36283208789 -1.0073032327
0.430904 60 -1.35539387762 -0.982851010255
0.430904 70 -1.34618924518 -0.954043435692
0.430904 80 -1.335112112 -0.92174993914
0.430904 90 -1.32216031775 -0.887879214087
0.430904 100 -1.30750932024 -0.855715117533
0.430904 110 -1.29156102905 -0.829335126789
0.430904 120 -1.27489501435 -0.811464454241
0.430904 130 -1.25805690798 -0.801574527118
0.430904 140 -1.24128705767 -0.796509523515
0.430904 150 -1.22463787615 -0.792598201726
0.430904 160 -1.20892464037 -0.787752554671
0.430904 170 -1.19682837456 -0.782800341501
0.45656 0 -1.41271994387 -1.09804892535
0.45656 10 -1.41209391024 -1.09581654744
0.45656 20 -1.41019192113 -1.08907332691
0.45656 30 -1.40694230356 -1.07768618932
0.45656 40 -1.40222618344 -1.06145387146
0.45656 50 -1.39588069395 -1.04015042648
0.45656 60 -1.38770885425 -1.01361682415
0.45656 70 -1.37750288846 -0.981944147718
0.45656 80 -1.36509036703 -0.945818437441
0.45656 90 -1.35041166824 -0.90709289737
0.45656 100 -1.33362437273 -0.869422769468
0.45656 110 -1.31519042079 -0.837926513897
0.45656 120 -1.29582643821 -0.81640098773
0.45656 130 -1.27615358061 -0.804277780057
0.45656 140 -1.25614102004 -0.797307188209
0.45656 150 -1.23518297302 -0.790498526382
0.45656 160 -1.21384997404 -0.781215209453
0.45656 170 -1.19627418078 -0.771575871108
0.482216 0 -1.44032753178 -1.12799622976
0.482216 10 -1.43965804924 -1.12564756335
0.482216 20 -1.43762119287 -1.11854315695
0.482216 30 -1.43413123562 -1.10651135297
0.482216 40 -1.42904426331 -1.08928108714
0.482216 50 -1.4221591253 -1.06651706328
0.482216 60 -1.41322482467 -1.03790071763
0.482216 70 -1.40196276783 -1.0033063604
0.482216 80 -1.38811719932 -0.963165447836
0.482216 90 -1.3715501247 -0.919158695579
0.482216 100 -1.35238725854 -0.875228113084
0.482216 110 -1.33117008736 -0.83775297341
0.482216 120 -1.30882709604 -0.812073900867
0.482216 130 -1.2861040092 -0.797590141242
0.482216 140 -1.2624653884 -0.788443633023
0.482216 150 -1.23600619498 -0.777639090179
0.482216 160 -1.20652708885 -0.761545598998
0.482216 170 -1.18030881505 -0.744237743512
0.507872 0 -1.46237397773 -1.15253266651
0.507872 10 -1.46166129073 -1.15007312301
0.507872 20 -1.45949003407 -1.14262376782
0.507872 30 -1.45575950803 -1.1299741291
0.507872 40 -1.45029878724 -1.11178198935
0.507872 50 -1.4428646043 -1.08759807292
0.507872 60 -1.43314482862 -1.05693143906
0.507872 70 -1.42077745791 -1.0194075563
0.507872 80 -1.40540286807 -0.975129282485
0.507872 90 -1.38677643653 -0.925456940342
0.507872 100 -1.36496877425 -0.874445658378
0.507872 110 -1.34062484009 -0.829937076361
0.507872 120 -1.31500766282 -0.799531372021
0.507872 130 -1.28909289563 -0.782647904662
0.507872 140 -1.26148567881 -0.771081838682
0.507872 150 -1.22794716855 -0.754823259083
0.507872 160 -1.186524495 -0.728388356655
0.507872 170 -1.14647971824 -0.698549257241
0.533528 0 -1.47982468146 -1.17256885268
0.533528 10 -1.47906958195 -1.1700053085
0.533528 20 -1.47676609785 -1.16223190556
0.533528 30 -1.47279782765 -1.14900000494
0.533528 40 -1.46696516566 -1.1298966003
0.533528 50 -1.45897923292 -1.10435677614
0.533528 60 -1.44845975104 -1.07170913714
0.533528 70 -1.43494781421 -1.03130480827
0.533528 80 -1.4179556558 -0.982848155516
0.533528 90 -1.39709413761 -0.927208702244
0.533528 100 -1.37233966409 -0.868263584723
0.533528 110 -1.34446341426 -0.815413543605
0.533528 120 -1.31525689596 -0.779598771744
0.533528 130 -1.28613296361 -0.760419176996
0.533528 140 -1.25431349114 -0.746276457914
0.533528 150 -1.21165915656 -0.722707891041
0.533528 160 -1.15271309575 -0.680772285511
0.533528 170 -1.09033057359 -0.630392053962
0.559184 0 -1.49347807934 -1.18883482643
0.559184 10 -1.49268203126 -1.18617556559
0.559184 20 -1.49025060283 -1.17810351726
0.559184 30 -1.4860512537 -1.16433344345
0.559184 40 -1.4798545364 -1.14438376219
0.559184 50 -1.4713231704 -1.11757561238
0.559184 60 -1.46000242006 -1.08305492736
0.559184 70 -1.44532290704 -1.03988265425
0.559184 80 -1.4266412666 -0.987307390425
0.559184 90 -1.40337433104 -0.925533063533
0.559184 100 -1.37533951265 -0.857839495941
0.559184 110 -1.34344091816 -0.795014235498
0.559184 120 -1.31029422999 -0.752931230727
0.559184 130 -1.27813733229 -0.731779701444
0.559184 140 -1.24204951259 -0.715089950726
0.559184 150 -1.18777788326 -0.681985804121
0.559184 160 -1.10336844498 -0.617189353557
0.559184 170 -1.00457611071 -0.532891720955
0.58484 0 -1.5040023848 -1.20191770447
0.58484 10 -1.50316765664 -1.1991723318
0.58484 20 -1.5006151113 -1.19083128007
0.58484 30 -1.49619604752 -1.17657520615
0.58484 40 -1.48965077768 -1.15585806464
0.58484 50 -1.48059201922 -1.12789231585
0.58484 60 -1.46848585588 -1.09164564237
0.58484 70 -1.45264027059 -1.0458852602
0.58484 80 -1.43222753548 -0.989368074111
0.58484 90 -1.40640897247 -0.921480204338
0.58484 100 -1.37473990214 -0.844388553405
0.58484 110 -1.33821514085 -0.769571274296
0.58484 120 -1.30070638655 -0.720050557248
0.58484 130 -1.26598446704 -0.697584280231
0.58484 140 -1.2258829712 -0.678718223724
0.58484 150 -1.15715992163 -0.633639796343
0.58484 160 -1.03648308917 -0.535856379867
0.58484 170 -0.87778799285 -0.395010773022
0.610496 0 -1.51196038417 -1.21228888932
0.610496 10 -1.51109017424 -1.20946821555
0.610496 20 -1.5084262985 -1.20089168548
0.610496 30 -1.50380442066 -1.18620923771
0.610496 40 -1.49693526539 -1.16481633743
0.610496 50 -1.48738171658 -1.13582563459
0.610496 60 -1.47452869791 -1.09803797981
0.610496 70 -1.45755304997 -1.04993730818
0.610496 80 -1.43541653824 -0.989781558111
0.610496 90 -1.40695537658 -0.916040073293
0.610496 100 -1.37130973324 -0.829250197227
0.610496 110 -1.32940975959 -0.740083533775
0.610496 120 -1.28697162643 -0.681370718265
0.610496 130 -1.25058723117 -0.658747948186
0.610496 140 -1.20718322948 -0.638636095076
0.610496 150 -1.12120049662 -0.579295290444
0.610496 160 -0.950538823937 -0.435429693947
0.610496 170 -0.692497403735 -0.199518308212
0.636152 0 -1.51782479056 -1.22032364275
0.636152 10 -1.51692332238 -1.21743954444
0.636152 20 -1.51416118311 -1.2086645017
0.636152 30 -1.50935959922 -1.19362194551
0.636152 40 -1.50220169071 -1.17165656508
0.636152 50 -1.49220304915 -1.14179350369
0.636152 60 -1.4786695292 -1.10268509681
0.636152 70 -1.46064496326 -1.05255701838
0.636152 80 -1.43686360072 -0.989193965298
0.636152 90 -1.40577050362 -0.910128686601
0.636152 100 -1.36588862467 -0.813898786799
0.636152 110 -1.31770783569 -0.708041016583
0.636152 120 -1.26947435413 -0.637216012476
0.636152 130 -1.23298707403 -0.616364453685
0.636152 140 -1.1875667793 -0.596775920555
0.636152 150 -1.08219215885 -0.52166677319
0.636152 160 -0.846141397011 -0.316625860502
0.636152 170 -0.423193717078 0.0791855329907
0.661808 0 -1.52198608809 -1.22631504683
0.661808 10 -1.52105864713 -1.22338030462
0.661808 20 -1.51821472509 -1.21444663946
0.661808 30 -1.51326306639 -1.19911590751
0.661808 40 -1.50586270857 -1.17669127517
0.661808 50 -1.49548736311 -1.14612577053
0.661808 60 -1.48137121375 -1.10594787719
0.661808 70 -1.46243307932 -1.05416393063
0.661808 80 -1.43718050348 -0.988144667583
0.661808 90 -1.40362738375 -0.904558871337
0.661808 100 -1.35946573703 -0.799860593414
0.661808 110 -1.30402505623 -0.676022009178
0.661808 120 -1.24851238863 -0.587838438091
0.661808 130 -1.21451488108 -0.571928228354
0.661808 140 -1.16890722795 -0.555763208737
0.661808 150 -1.04359403561 -0.465008900818
0.661808 160 -0.728884064472 -0.185218820159
0.661808 170 -0.0375414665694 0.47407088416
0.687464 0 -1.52475463648 -1.23048381367
0.687464 10 -1.52380751924 -1.22751193327
0.687464 20 -1.52090155807 -1.21846188505
0.687464 30 -1.51583574073 -1.20291947683
0.687464 40 -1.50825014267 -1.18015687992
0.687464 50 -1.49758509528 -1.14907298282
0.687464 60 -1.48301655317 -1.10810247723
0.687464 70 -1.46335865718 -1.05508338856
0.687464 80 -1.436919489 -0.987062114811
0.687464 90 -1.40129877772 -0.900005921457
0.687464 100 -1.35323402971 -0.788546682027
0.687464 110 -1.28986336904 -0.648165085917
0.687464 120 -1.22429913212 -0.533452947135
0.687464 130 -1.19708271348 -0.527848877609
0.687464 140 -1.1532416503 -0.519244083616
0.687464 150 -1.00996760507 -0.415325383408
0.687464 160 -0.612912412851 -0.0560364044152
0.687464 170 0.484092207841 1.00608038656
0.71312 0 -1.52635891854 -1.23298499532
0.71312 10 -1.52539927372 -1.22999001542
0.71312 20 -1.5224537756 -1.22086755222
0.71312 30 -1.51731506263 -1.20519333591
0.71312 40 -1.50961080591 -1.18222002858
0.71312 50 -1.49875930885 -1.1508123118
0.71312 60 -1.48389756496 -1.10934527527
0.71312 70 -1.46376811717 -1.05554906132
0.71312 80 -1.4365375272 -0.986259386928
0.71312 90 -1.39949142991 -0.896977810596
0.71312 100 -1.34853346943 -0.781077137322
0.71312 110 -1.27793656637 -0.629013658025
0.71312 120 -1.19807860098 -0.474385476599
0.71312 130 -1.18357825899 -0.48893288537
0.71312 140 -1.14252922507 -0.492244819333
0.71312 150 -0.986308977925 -0.379870641715
0.71312 160 -0.522055883867 0.0452299034487
0.71312 170 1.06553512893 1.59977861912
0.738776 0 -1.52694199144 -1.23391233242
0.738776 10 -1.52597755219 -1.23090862361
0.738776 20 -1.52301691507 -1.2217587908
0.738776 30 -1.51785026 -1.20603473706
0.738776 40 -1.51010044129 -1.18298170647
0.738776 50 -1.49917716796 -1.15145134848
0.738776 60 -1.48420211721 -1.10979597815
0.738776 70 -1.4638893432 -1.05570433191
0.738776 80 -1.43634793976 -0.985930722261
0.738776 90 -1.39873110149 -0.895794853611
0.738776 100 -1.34656040756 -0.778169292621
0.738776 110 -1.27240056268 -0.621464257732
0.738776 120 -1.19901649889 -0.412226484399
0.738776 130 -1.17768046997 -0.467615097215
0.738776 140 -1.13826872078 -0.480765919176
0.738776 150 -0.976748079065 -0.365361156416
0.738776 160 -0.482853328414 0.0890482922495
0.738776 170 1.39563474122 1.93805575394
0.764432 0 -1.52655817619 -1.23330073261
0.764432 10 -1.52559690836 -1.23030279092
0.764432 20 -1.52264628589 -1.2211710413
0.764432 30 -1.51749811674 -1.20547991655
0.764432 40 -1.50977844576 -1.18247956454
0.764432 50 -1.4989026773 -1.15103025147
0.764432 60 -1.48400264555 -1.10949935487
0.764432 70 -1.46381131854 -1.05560300699
0.764432 80 -1.43647601714 -0.98614941381
0.764432 90 -1.39923835138 -0.896578789837
0.764432 100 -1.34787703162 -0.780095685211
0.764432 110 -1.27613819792 -0.626469576755
0.764432 120 -1.19839841495 -0.461802389943
0.764432 130 -1.18163579636 -0.482469054718
0.764432 140 -1.14109716552 -0.488445136155
0.764432 150 -0.983104957442 -0.375021909885
0.764432 160 -0.509087103483 0.0597143462923
0.764432 170 1.16797416133 1.70463073925
0.790088 0 -1.52517156547 -1.23112716386
0.790088 10 -1.52422128042 -1.22814940244
0.790088 20 -1.52130532445 -1.21908091961
0.790088 30 -1.51622108997 -1.20350496443
0.790088 40 -1.50860554039 -1.18068875794
0.790088 50 -1.49789349494 -1.14952251843
0.790088 60 -1.48325119868 -1.10842585513
0.790088 70 -1.46347506629 -1.0552095597
0.790088 80 -1.43683852866 -0.986867044289
0.790088 90 -1.40086598039 -0.899249148683
0.790088 100 -1.35210390063 -0.78667623009
0.790088 110 -1.28712319063 -0.643412483895
0.790088 120 -1.21895886508 -0.521734276873
0.790088 130 -1.19388580594 -0.519232773918
0.790088 140 -1.15058891224 -0.512755837819
0.790088 150 -1.0041596287 -0.406671184274
0.790088 160 -0.591373516439 -0.0320523497006
0.790088 170 0.604220775078 1.12859844684
0.815744 0 -1.52265702486 -1.22731006687
0.815744 10 -1.52172501592 -1.22436660888
0.815744 20 -1.51886669744 -1.21540563507
0.815744 30 -1.5138885721 -1.20002525242
0.815744 40 -1.50644533121 -1.1775213945
0.815744 50 -1.49600306672 -1.14683447882
0.815744 60 -1.48178275682 -1.10647120283
0.815744 70 -1.46267972534 -1.05439897066
0.815744 80 -1.43715751306 -0.987913989236
0.815744 90 -1.40314147875 -0.903525617287
0.815744 100 -1.35813283303 -0.797282842578
0.815744 110 -1.30110119104 -0.669827075743
0.815744 120 -1.24381856703 -0.577113973441
0.815744 130 -1.21078683376 -0.562776607859
0.815744 140 -1.1653919548 -0.547785462585
0.815744 150 -1.03614757462 -0.454053045138
0.815744 160 -0.704408139751 -0.157924939391
0.815744 170 0.058281237057 0.571871070834
0.8414 0 -1.51880323628 -1.22170721789
0.8414 10 -1.51789599088 -1.21881169406
0.8414 20 -1.51511567099 -1.21000087391
0.8414 30 -1.51028076525 -1.19489335248
0.8414 40 -1.50306912838 -1.17282452672
0.8414 50 -1.49298724481 -1.14280344365
0.8414 60 -1.47932551536 -1.10345490553
0.8414 70 -1.46110117416 -1.05295612503
0.8414 80 -1.43700128135 -0.989001238666
0.8414 90 -1.40538457745 -0.908937285768
0.8414 100 -1.36462046434 -0.810871374886
0.8414 110 -1.31503287931 -0.701377083507
0.8414 120 -1.26546019474 -0.627533416215
0.8414 130 -1.22922801845 -0.607381686969
0.8414 140 -1.18360685582 -0.588216076482
0.8414 150 -1.07412840873 -0.509827543291
0.8414 160 -0.8228872995 -0.290445684478
0.8414 170 -0.354854925623 0.149393320412
0.867056 0 -1.51331635585 -1.21411179545
0.867056 10 -1.51243937372 -1.21127714978
0.867056 20 -1.50975422374 -1.20265690255
0.867056 30 -1.50509349515 -1.18789520235
0.867056 40 -1.49816205673 -1.16637644676
0.867056 50 -1.48851282414 -1.13719427803
0.867056 60 -1.47551422013 -1.09911745923
0.867056 70 -1.45831575397 -1.05057459026
0.867056 80 -1.43583359061 -0.989723600363
0.867056 90 -1.40682885899 -0.914840936658
0.867056 100 -1.37033318468 -0.826077367875
0.867056 110 -1.32722680683 -0.733673590764
0.867056 120 -1.2836876439 -0.672775009997
0.867056 130 -1.24712845896 -0.650325964308
0.867056 140 -1.20318755951 -0.630144335063
0.867056 150 -1.11337439688 -0.567660571647
0.867056 160 -0.930598693934 -0.412533318168
0.867056 170 -0.645236481847 -0.15028053154
0.892712 0 -1.5058223054 -1.2042462046
0.892712 10 -1.50498002677 -1.20148451236
0.892712 20 -1.50240380898 -1.1930924461
0.892712 30 -1.4979416895 -1.1787440755
0.892712 40 -1.4913278358 -1.15788084583
0.892712 50 -1.48216468916 -1.12969396358
0.892712 60 -1.4699017798 -1.09311582663
0.892712 70 -1.45382078745 -1.04685437935
0.892712 80 -1.43305286585 -0.989564016118
0.892712 90 -1.40669861654 -0.920449112111
0.892712 100 -1.37424265215 -0.841382842727
0.892712 110 -1.33668453864 -0.763830008262
0.892712 120 -1.29822041359 -0.712598485381
0.892712 130 -1.26306749766 -0.689985650951
0.892712 140 -1.2222150939 -0.670766077737
0.892712 150 -1.15017943099 -0.62294191302
0.892712 160 -1.02047940282 -0.516888780598
0.892712 170 -0.845350843007 -0.360411154674
0.918368 0 -1.49586561656 -1.19175297542
0.918368 10 -1.49506144317 -1.18907527754
0.918368 20 -1.4926045936 -1.18094565969
0.918368 30 -1.4883592076 -1.16707167479
0.918368 40 -1.4820896544 -1.14695815825
0.918368 50 -1.47344850682 -1.1199034715
0.918368 60 -1.46196514581 -1.08501650036
0.918368 70 -1.44704601551 -1.04129795848
0.918368 80 -1.42801236723 -0.987897944829
0.918368 90 -1.40423412998 -0.924864193046
0.918368 100 -1.37548498512 -0.855292690397
0.918368 110 -1.34269352762 -0.79019139935
0.918368 120 -1.30869220258 -0.746695906816
0.918368 130 -1.2759608247 -0.725208539869
0.918368 140 -1.23901855111 -0.708028812619
0.918368 150 -1.18202759047 -0.672675730284
0.918368 160 -1.09117799132 -0.602053881486
0.918368 170 -0.982447516025 -0.508429923211
0.944024 0 -1.48290290534 -1.17618175485
0.944024 10 -1.48213928627 -1.17359791302
0.944024 20 -1.47980920568 -1.16576121183
0.944024 30 -1.47579298475 -1.15241536793
0.944024 40 -1.46988498716 -1.13313310575
0.944024 50 -1.46178662927 -1.1073259494
0.944024 60 -1.45110287858 -1.07428511013
0.944024 70 -1.4373533164 -1.03330327697
0.944024 80 -1.42002066306 -0.983995673564
0.944024 90 -1.39868052288 -0.927109597967
0.944024 100 -1.37328310274 -0.866438101649
0.944024 110 -1.34462718585 -0.811692458954
0.944024 120 -1.31464486451 -0.774672976108
0.944024 130 -1.2848783285 -0.755054689094
0.944024 140 -1.25218218872 -0.740380075273
0.944024 150 -1.20736901674 -0.715052392514
0.944024 160 -1.14394780948 -0.669122192366
0.944024 170 -1.07549987558 -0.613123574924
0.96968 0 -1.46628920093 -1.15697102464
0.96968 10 -1.46556775387 -1.15448960109
0.96968 20 -1.46336921027 -1.14697211063
0.96968 30 -1.45958971 -1.1342001919
0.96968 40 -1.45405258363 -1.11581705876
0.96968 50 -1.44650550124 -1.09134981131
0.96968 60 -1.43662295058 -1.06027107643
0.96968 70 -1.42402422357 -1.02215200754
0.96968 80 -1.40832557749 -0.97701935494
0.96968 90 -1.3892562668 -0.926147384967
0.96968 100 -1.36687148657 -0.873582724265
0.96968 110 -1.34184038606 -0.827483842314
0.96968 120 -1.31551548566 -0.796031713287
0.96968 130 -1.28894054415 -0.778664256255
0.96968 140 -1.26048691935 -0.766579589096
0.96968 150 -1.22526516255 -0.748989823346
0.96968 160 -1.18078044989 -0.71986694321
0.96968 170 -1.13699983483 -0.686612362989
0.995336 0 -1.44525525935 -1.13342265437
0.995336 10 -1.44457690316 -1.13105081907
0.995336 20 -1.44251246667 -1.12387437763
0.995336 30 -1.43897323 -1.11171372392
0.995336 40 -1.43380990681 -1.09428329561
0.995336 50 -1.42681303659 -1.07122476823
0.995336 60 -1.41771969977 -1.04218522508
0.995336 70 -1.406235303 -1.00699051674
0.995336 80 -1.39208463809 -0.966010885461
0.995336 90 -1.37511047875 -0.92087445986
0.995336 100 -1.35542956047 -0.875563985815
0.995336 110 -1.33360250435 -0.836743211579
0.995336 120 -1.31061430767 -0.810146831938
0.995336 130 -1.28724665443 -0.795171655755
0.995336 140 -1.26282191031 -0.785548311292
0.995336 150 -1.23505717091 -0.773759474283
0.995336 160 -1.20349402012 -0.755883428996
0.995336 170 -1.17495434426 -0.736487564818
1.020992 0 -1.41887351459 -1.10466666087
1.020992 10 -1.41823859632 -1.10241012812
1.020992 20 -1.41630905245 -1.0955919352
1.020992 30 -1.41301041629 -1.08407117457
1.020992 40 -1.40821886118 -1.06763249225
1.020992 50 -1.40176400801 -1.04602807834
1.020992 60 -1.39343839682 -1.01906750375
1.020992 70 -1.38302073063 -0.986800330133
1.020992 80 -1.37032302707 -0.949866490578
1.020992 90 -1.35527154214 -0.910094486128
1.020992 100 -1.33801870462 -0.871207550328
1.020992 110 -1.3190409584 -0.838563970793
1.020992 120 -1.29909090109 -0.816231480574
1.020992 130 -1.27880982362 -0.803633541492
1.020992 140 -1.25808603989 -0.796239600018
1.020992 150 -1.2361110147 -0.788713826631
1.020992 160 -1.21335209731 -0.778262439949
1.020992 170 -1.19431777624 -0.767345194853
1.046648 0 -1.38600933778 -1.06961246013
1.046648 10 -1.38541774438 -1.0674754546
1.046648 20 -1.38362245502 -1.06102798667
1.046648 30 -1.38056224472 -1.05016697088
1.046648 40 -1.37613664705 -1.03474468592
1.046648 50 -1.37021044926 -1.01461720505
1.046648 60 -1.36262472335 -0.989740863072
1.046648 70 -1.35321987951 -0.960353897788
1.046648 80 -1.34187748915 -0.927293701091
1.046648 90 -1.32858505348 -0.892465555754
1.046648 100 -1.3135152169 -0.859232885665
1.046648 110 -1.29708085666 -0.831868882893
1.046648 120 -1.27988520381 -0.813288267713
1.046648 130 -1.26248707498 -0.802954756145
1.046648 140 -1.24508574026 -0.7975219783
1.046648 150 -1.2276364513 -0.793091977734
1.046648 160 -1.21093203125 -0.787488107834
1.046648 170 -1.19790348344 -0.781755992602
1.072304 0 -1.34525260631 -1.02688123184
1.072304 10 -1.34470385691 -1.02486648286
1.072304 20 -1.3430410564 -1.01879750295
1.072304 30 -1.34021514767 -1.00860743207
1.072304 40 -1.33614686488 -0.994212292518
1.072304 50 -1.33073229952 -0.975563416513
1.072304 60 -1.32385456029 -0.952745751476
1.072304 70 -1.3154055409 -0.926150029503
1.072304 80 -1.30532189858 -0.896745642886
1.072304 90 -1.29363585865 -0.866423087594
1.072304 100 -1.28053063083 -0.838150708901
1.072304 110 -1.26637055753 -0.815322406221
1.072304 120 -1.25165852727 -0.800040369436
1.072304 130 -1.23689479096 -0.791801756682
1.072304 140 -1.22242637192 -0.788062786926
1.072304 150 -1.20855337881 -0.7858704772
1.072304 160 -1.19609309342 -0.783405325639
1.072304 170 -1.1869370729 -0.780832192441
1.09796 0 -1.294821866 -0.97471135587
1.09796 10 -1.29431518408 -0.97282011772
1.09796 20 -1.29278220963 -0.967132770206
1.09796 30 -1.29018496055 -0.957616484093
1.09796 40 -1.28646322835 -0.944246107346
1.09796 50 -1.28154070657 -0.927058227765
1.09796 60 -1.27533657946 -0.906247094601
1.09796 70 -1.26778532402 -0.882320963301
1.09796 80 -1.25886687347 -0.856325488477
1.09796 90 -1.24864572474 -0.830073816021
1.09796 100 -1.23730916583 -0.80614362067
1.09796 110 -1.22518285083 -0.787224723588
1.09796 120 -1.21269700761 -0.774835085037
1.09796 130 -1.20030048862 -0.768493301631
1.09796 140 -1.18838776486 -0.766199937985
1.09796 150 -1.17737269026 -0.765628080385
1.09796 160 -1.16796534519 -0.765185782666
1.09796 170 -1.1613799841 -0.764526954971
1.123616 0 -1.23242888479 -0.91082447406
1.123616 10 -1.23196325213 -0.909056569282
1.123616 20 -1.23055671512 -0.903749548912
1.123616 30 -1.22818128349 -0.894901958898
1.123616 40 -1.22479372651 -0.882541827107
1.123616 50 -1.22034185396 -0.86678021579
1.123616 60 -1.21477552163 -0.847901314157
1.123616 70 -1.20806408597 -0.826498830878
1.123616 80 -1.20022107922 -0.803649702909
1.123616 90 -1.19133368034 -0.781050814506
1.123616 100 -1.18158846902 -0.760915115077
1.123616 110 -1.17127824813 -0.745370961697
1.123616 120 -1.16077552401 -0.735507851828
1.123616 130 -1.15047794095 -0.730855025779
1.123616 140 -1.14076897186 -0.72978529653
1.123616 150 -1.13205866701 -0.73039520231
1.123616 160 -1.1249084674 -0.731256474091
1.123616 170 -1.12009076278 -0.731751982711
1.149272 0 -1.15508377364 -0.8322321839
1.149272 10 -1.15465796907 -0.830586066716
1.149272 20 -1.15337387739 -0.825653851036
1.149272 30 -1.1512124448 -0.817462484503
1.149272 40 -1.1481454297 -0.806087100488
1.149272 50 -1.14414151149 -0.791702226596
1.149272 60 -1.13917635096 -0.774663469738
1.149272 70 -1.13324752098 -0.755621854044
1.149272 80 -1.12639416088 -0.735651064664
1.149272 90 -1.11871856825 -0.716310699489
1.149272 100 -1.11040278638 -0.699484748303
1.149272 110 -1.10170987529 -0.686853693489
1.149272 120 -1.09296245956 -0.679187123672
1.149272 130 -1.08450542359 -0.676017480524
1.149272 140 -1.07667995214 -0.675976595247
1.149272 150 -1.06983957071 -0.677457065739
1.149272 160 -1.0643992851 -0.679162233398
1.149272 170 -1.06084147517 -0.680351582039
1.174928 0 -1.05880742038 -0.734950007453
1.174928 10 -1.0584200469 -0.733422844772
1.174928 20 -1.05725389038 -0.728855980059
1.174928 30 -1.05529781723 -0.721301613968
1.174928 40 -1.0525366911 -0.710875763239
1.174928 50 -1.0489570575 -0.697805656265
1.174928 60 -1.04455601303 -0.682501288376
1.174928 70 -1.0393535734 -0.665647265768
1.174928 80 -1.03340782344 -0.648288828678
1.174928 90 -1.02683008444 -0.631840005299
1.174928 100 -1.0197946611 -0.617894436974
1.174928 110 -1.0125363528 -0.607774406396
1.174928 120 -1.00533219207 -0.602007026253
1.174928 130 -0.998473536817 -0.600123994232
1.174928 140 -0.992245199976 -0.600942304944
1.174928 150 -0.986926448097 -0.603070551064
1.174928 160 -0.982805913874 -0.605326198589
1.174928 170 -0.980174536875 -0.606931783681
1.200584 0 -0.938193402514 -0.61356074919
1.200584 10 -0.937842906825 -0.612148517246
1.200584 20 -0.936789718631 -0.607933950771
1.200584 30 -0.935029653829 -0.600991314384
1.200584 40 -0.93255890896 -0.591471390314
1.200584 50 -0.929379129344 -0.579643969706
1.200584 60 -0.925504930404 -0.565958328048
1.200584 70 -0.920973754584 -0.551113373816
1.200584 80 -0.915857034796 -0.536108595421
1.200584 90 -0.910270131651 -0.522212770632
1.200584 100 -0.904376917706 -0.510766819731
1.200584 110 -0.898384625736 -0.50280551093
1.200584 120 -0.892527542388 -0.498670014295
1.200584 130 -0.887044468396 -0.497890140405
1.200584 140 -0.88216036399 -0.499419993679
1.200584 150 -0.878080208573 -0.502033212381
1.200584 160 -0.874991076036 -0.504650138171
1.200584 170 -0.873057221622 -0.506504218025
1.22624 0 -0.785714605236 -0.46052245124
1.22624 10 -0.785399293809 -0.45922004675
1.22624 20 -0.784453699887 -0.455341499155
1.22624 30 -0.782879668677 -0.448980031528
1.22624 40 -0.780683071372 -0.440315392925
1.22624 50 -0.77787811486 -0.429650714525
1.22624 60 -0.774493426567 -0.417461598739
1.22624 70 -0.770579510997 -0.404446195156
1.22624 80 -0.766216424109 -0.391547309795
1.22624 90 -0.76151947062 -0.379894279444
1.22624 100 -0.756639889685 -0.370610054191
1.22624 110 -0.751757830123 -0.364497733689
1.22624 120 -0.74706738054 -0.361754695466
1.22624 130 -0.742757573965 -0.361909590983
1.22624 140 -0.738996289478 -0.364022160694
1.22624 150 -0.735922321611 -0.366997770189
1.22624 160 -0.733644825935 -0.369850887239
1.22624 170 -0.732244453207 -0.371850508677
1.251896 0 -0.590575605255 -0.265022007316
1.251896 10 -0.590293660248 -0.263823371485
1.251896 20 -0.589449929167 -0.260261745133
1.251896 30 -0.588051420001 -0.25444639562
1.251896 40 -0.586112135981 -0.246580734424
1.251896 50 -0.583656527052 -0.236993126876
1.251896 60 -0.580724100682 -0.226174782245
1.251896 70 -0.577374629809 -0.214811846687
1.251896 80 -0.573692807917 -0.203784492989
1.251896 90 -0.56979054357 -0.194091681101
1.251896 100 -0.565804752823 -0.186669493928
1.251896 110 -0.561889127366 -0.182133655718
1.251896 120 -0.558200340298 -0.180569712511
1.251896 130 -0.554881925791 -0.181506888966
1.251896 140 -0.552050846592 -0.184089554702
1.251896 150 -0.549790830376 -0.187332086201
1.251896 160 -0.548153385159 -0.190335346587
1.251896 170 -0.547164537356 -0.192415184841
1.277552 0 -0.336711505038 -0.0109751259143
1.277552 10 -0.336461003839 -0.00987338025441
1.277552 20 -0.335713106618 -0.00660719771769
1.277552 30 -0.334479174403 -0.00129925793578
1.277552 40 -0.332779917935 0.00582803975173
1.277552 50 -0.330647923287 0.0144279633697
1.277552 60 -0.328130795424 0.0240022194345
1.277552 70 -0.325294293472 0.0338845764524
1.277552 80 -0.322224411776 0.0432596753108
1.277552 90 -0.319026995746 0.0512481662892
1.277552 100 -0.315823478096 0.0570735420085
1.277552 110 -0.312742049133 0.0602721887326
1.277552 120 -0.309905147868 0.0608458736451
1.277552 130 -0.307416060638 0.0592627376819
1.277552 140 -0.305348527439 0.0563082707576
1.277552 150 -0.303742710639 0.0528753985024
1.277552 160 -0.302608935602 0.0497840488319
1.277552 170 -0.301938283581 0.0476675116317
1.303208 0 0.00092424943983 0.326684822586
1.303208 10 0.00114530876612 0.327697231097
1.303208 20 0.00180362103444 0.330691365527
1.303208 30 0.00288422177465 0.335533410915
1.303208 40 0.00436099795318 0.341985929353
1.303208 50 0.00619512611975 0.349689393262
1.303208 60 0.00833335832408 0.358144870086
1.303208 70 0.0107067623233 0.366711124184
1.303208 80 0.0132307939241 0.374637025767
1.303208 90 0.0158077214434 0.38115141991
1.303208 100 0.018332226887 0.385613753359
1.303208 110 0.0207002767191 0.387684373231
1.303208 120 0.022820124162 0.387433437478
1.303208 130 0.0246229979629 0.385324518146
1.303208 140 0.0260703505289 0.382083421691
1.303208 150 0.0271549743998 0.378522742121
1.303208 160 0.0278947820807 0.37538994205
1.303208 170 0.0283201727188 0.373267232951
1.328864 0 0.463785769187 0.789431783992
1.328864 10 0.46397943515 0.790362931772
1.328864 20 0.464554531822 0.793109857995
1.328864 30 0.465493178068 0.797529479681
1.328864 40 0.466765042365 0.803372483464
1.328864 50 0.468326758953 0.810270818732
1.328864 60 0.470121577966 0.817729452134
1.328864 70 0.472079772514 0.825134886432
1.328864 80 0.474120462896 0.831797688666
1.328864 90 0.476155513652 0.837043536608
1.328864 100 0.478095851561 0.84034760737
1.328864 110 0.479859890339 0.841471726462
1.328864 120 0.481382808691 0.840539831282
1.328864 130 0.482624562594 0.838009377495
1.328864 140 0.483574155223 0.83455443603
1.328864 150 0.484248161383 0.830917114729
1.328864 160 0.484682788745 0.827778714876
1.328864 170 0.484920665074 0.825672035816
1.35452 0 1.12608303279 1.45149453132
1.35452 10 1.1262513604 1.45235286564
1.35452 20 1.12674961026 1.45487839484
1.35452 30 1.12755760655 1.45892018825
1.35452 40 1.12864186134 1.46421940503
1.35452 50 1.12995596142 1.4704024844
1.35452 60 1.13144149986 1.47698113011
1.35452 70 1.13302992734 1.4833704431
1.35452 80 1.13464575235 1.48893886263
1.35452 90 1.13621140199 1.49309805268
1.35452 100 1.13765373094 1.49542178126
1.35452 110 1.13891160135 1.4957554333
1.35452 120 1.13994329199 1.49426549587
1.35452 130 1.14073196503 1.49140225668
1.35452 140 1.14128732903 1.48779440352
1.35452 150 1.14164215886 1.48412170694
1.35452 160 1.14184348151 1.48100517709
1.35452 170 1.14193980881 1.47893077396
1.380176 0 2.13567929083 2.46075341282
1.380176 10 2.13582429574 2.46154760349
1.380176 20 2.13625192881 2.4638780626
1.380176 30 2.13694027774 2.46758696502
1.380176 40 2.13785363844 2.47240747108
1.380176 50 2.13894385496 2.47796233812
1.380176 60 2.14015242655 2.4837713627
1.380176 70 2.14141358159 2.48927763989
1.380176 80 2.14265849621 2.49390288557
1.380176 90 2.14382067354 2.49713472144
1.380176 100 2.14484220709 2.49863113854
1.380176 110 2.14568022249 2.4983068741
1.380176 120 2.14631237071 2.49636241403
1.380176 130 2.14673998452 2.49324033085
1.380176 140 2.14698761383 2.48952921773
1.380176 150 2.14709819448 2.48585344849
1.380176 160 2.14712408053 2.48277919697
1.380176 170 2.14711537174 2.48074858813
